name,arrive_time,execution_time,exit_time
process80,0,2,2
process421,0,8,10
process42,1,2,12
process765,1,6,18
process874,1,4,22
process147,3,8,30
process620,3,6,36
process745,3,1,37
process458,4,1,38
process164,5,8,46
process168,6,7,53
process455,6,9,62
process636,6,5,67
process742,6,8,75
process194,8,8,83
process604,8,9,92
process392,10,7,99
process768,10,2,101
process771,10,2,103
process813,10,1,104
process494,11,7,111
process519,11,9,120
process776,11,4,124
process662,12,6,130
process625,14,5,135
process702,14,6,141
process108,15,7,148
process354,15,6,154
process898,15,9,163
process44,17,2,165
process408,17,5,170
process428,17,8,178
process283,18,8,186
process448,19,1,187
process503,19,1,188
process694,19,1,189
process759,19,4,193
process23,20,8,201
process53,21,1,202
process443,21,5,207
process683,21,2,209
process216,22,3,212
process610,22,1,213
process681,22,5,218
process837,22,6,224
process131,23,4,228
process581,23,7,235
process288,24,6,241
process875,24,8,249
process454,26,3,252
process480,26,2,254
process210,27,5,259
process485,27,8,267
process120,28,3,270
process251,28,10,280
process330,28,4,284
process647,28,1,285
process792,28,2,287
process835,28,6,293
process717,30,4,297
process547,31,2,299
process670,31,2,301
process420,32,3,304
process379,34,6,310
process553,34,6,316
process650,34,6,322
process17,35,2,324
process187,35,3,327
process127,36,8,335
process600,36,7,342
process869,37,1,343
process896,37,8,351
process510,38,4,355
process502,39,4,359
process527,39,4,363
process710,39,10,373
process505,40,8,381
process41,41,9,390
process290,41,7,397
process140,42,4,401
process481,42,3,404
process62,43,9,413
process603,43,4,417
process19,44,2,419
process183,44,1,420
process259,44,3,423
process301,45,6,429
process531,45,7,436
process298,46,5,441
process471,47,5,446
process848,48,3,449
process356,49,8,457
process393,49,10,467
process628,49,5,472
process661,49,1,473
process777,49,3,476
process522,50,2,478
process75,52,9,487
process743,52,4,491
process812,52,8,499
process29,53,9,508
process575,53,4,512
process849,53,10,522
process160,54,4,526
process254,54,5,531
process447,55,7,538
process664,56,3,541
process68,57,5,546
process83,57,10,556
process788,57,1,557
process193,58,1,558
process277,58,7,565
process401,58,4,569
process530,58,9,578
process6,60,2,580
process262,61,10,590
process596,61,9,599
process611,61,7,606
process170,62,6,612
process691,62,7,619
process824,62,4,623
process538,63,8,631
process556,63,8,639
process728,63,9,648
process102,64,5,653
process495,64,1,654
process63,65,3,657
process747,65,5,662
process845,65,6,668
process48,66,2,670
process403,66,10,680
process476,66,3,683
process517,66,1,684
process722,66,10,694
process138,67,3,697
process587,67,3,700
process599,67,3,703
process708,68,6,709
process751,68,10,719
process30,69,6,725
process182,71,2,727
process334,71,6,733
process523,71,8,741
process449,72,9,750
process726,72,10,760
process81,73,9,769
process865,73,1,770
process91,74,8,778
process617,74,6,784
process654,74,6,790
process769,74,4,794
process657,75,5,799
process756,75,6,805
process4,77,5,810
process890,77,8,818
process612,79,2,820
process860,80,1,821
process34,81,5,826
process515,81,4,830
process723,81,8,838
process802,81,4,842
process10,82,10,852
process339,82,5,857
process653,82,7,864
process796,83,4,868
process436,84,10,878
process616,84,7,885
process793,85,1,886
process123,86,8,894
process320,86,3,897
process373,89,2,899
process583,89,6,905
process859,89,6,911
process152,90,6,917
process284,90,2,919
process357,90,9,928
process385,91,8,936
process580,91,9,945
process784,91,9,954
process368,92,10,964
process450,92,7,971
process350,93,9,980
process432,93,4,984
process56,94,6,990
process192,94,9,999
process347,94,8,1007
process435,94,3,1010
process846,94,5,1015
process142,95,3,1018
process163,95,2,1020
process12,96,2,1022
process128,96,7,1029
process633,97,10,1039
process151,98,7,1046
process840,98,7,1053
process872,98,2,1055
process295,99,8,1063
process264,100,10,1073
process473,100,1,1074
process204,101,5,1079
process291,101,4,1083
process67,102,9,1092
process209,102,5,1097
process847,102,7,1104
process266,103,6,1110
process297,103,6,1116
process238,104,9,1125
process529,104,9,1134
process441,105,6,1140
process537,105,9,1149
process709,105,1,1150
process287,106,1,1151
process380,108,10,1161
process434,110,10,1171
process770,111,9,1180
process689,113,9,1189
process730,115,6,1195
process734,115,9,1204
process780,115,8,1212
process595,116,6,1218
process122,118,2,1220
process362,118,2,1222
process419,118,3,1225
process781,118,7,1232
process230,119,1,1233
process457,119,6,1239
process851,119,1,1240
process134,120,8,1248
process794,120,4,1252
process809,120,1,1253
process806,121,3,1256
process685,122,4,1260
process790,122,9,1269
process839,122,2,1271
process27,123,2,1273
process273,123,7,1280
process52,124,8,1288
process486,124,7,1295
process115,127,7,1302
process460,127,7,1309
process601,127,3,1312
process341,128,5,1317
process425,128,1,1318
process864,128,2,1320
process171,129,1,1321
process692,129,5,1326
process862,131,1,1327
process304,132,5,1332
process893,132,1,1333
process359,133,5,1338
process240,134,4,1342
process314,134,7,1349
process621,134,8,1357
process95,135,7,1364
process386,135,2,1366
process65,136,7,1373
process289,136,3,1376
process483,136,5,1381
process680,136,6,1387
process544,137,2,1389
process32,138,3,1392
process880,138,1,1393
process889,138,5,1398
process469,139,3,1401
process106,141,6,1407
process150,141,4,1411
process201,141,6,1417
process540,141,5,1422
process667,141,5,1427
process701,141,9,1436
process810,141,8,1444
process852,141,10,1454
process218,142,1,1455
process126,143,5,1460
process360,143,8,1468
process158,144,5,1473
process478,144,6,1479
process73,145,7,1486
process811,145,8,1494
process49,147,8,1502
process228,148,4,1506
process285,151,7,1513
process79,152,1,1514
process221,152,4,1518
process323,152,5,1523
process387,152,8,1531
process551,152,3,1534
process588,152,2,1536
process729,152,4,1540
process539,154,4,1544
process826,154,5,1549
process426,155,9,1558
process665,155,5,1563
process693,155,9,1572
process175,157,3,1575
process593,158,6,1581
process107,159,10,1591
process239,159,6,1597
process475,159,4,1601
process639,159,3,1604
process677,159,10,1614
process148,161,3,1617
process253,161,2,1619
process219,162,9,1628
process594,162,4,1632
process383,163,1,1633
process841,163,2,1635
process858,163,3,1638
process586,164,9,1647
process635,164,1,1648
process671,164,1,1649
process758,166,5,1654
process566,169,8,1662
process93,170,9,1671
process293,170,9,1680
process461,171,5,1685
process11,172,3,1688
process71,172,3,1691
process104,172,9,1700
process233,172,1,1701
process668,173,2,1703
process119,174,5,1708
process226,174,7,1715
process775,174,3,1718
process821,174,2,1720
process618,175,2,1722
process827,176,5,1727
process231,177,2,1729
process774,178,2,1731
process394,179,4,1735
process501,179,5,1740
process343,180,4,1744
process395,180,7,1751
process124,181,10,1761
process135,181,7,1768
process54,182,2,1770
process61,182,10,1780
process101,182,7,1787
process202,182,9,1796
process487,182,7,1803
process853,182,9,1812
process234,183,7,1819
process451,183,5,1824
process666,184,3,1827
process31,185,9,1836
process270,185,1,1837
process186,187,3,1840
process663,187,7,1847
process109,188,4,1851
process582,188,1,1852
process675,189,9,1861
process267,190,10,1871
process206,191,5,1876
process624,191,1,1877
process801,192,5,1882
process829,193,8,1890
process165,194,7,1897
process766,195,7,1904
process39,196,7,1911
process410,197,10,1921
process679,197,7,1928
process716,197,4,1932
process337,198,9,1941
process714,198,5,1946
process188,199,7,1953
process190,199,6,1959
process178,200,10,1969
process390,200,7,1976
process602,201,2,1978
process834,201,2,1980
process885,201,3,1983
process749,202,5,1988
process278,204,4,1992
process307,204,5,1997
process576,205,10,2007
process822,205,9,2016
process888,205,6,2022
process496,206,10,2032
process659,207,6,2038
process816,207,3,2041
process258,208,8,2049
process111,209,3,2052
process179,209,6,2058
process607,213,9,2067
process398,215,3,2070
process850,216,9,2079
process229,218,2,2081
process252,218,8,2089
process255,218,10,2099
process738,218,1,2100
process748,218,4,2104
process198,219,10,2114
process7,220,10,2124
process207,220,1,2125
process409,220,3,2128
process388,221,1,2129
process669,221,1,2130
process504,223,3,2133
process623,223,4,2137
process873,223,9,2146
process256,226,9,2155
process718,226,5,2160
process9,227,1,2161
process351,227,5,2166
process391,227,5,2171
process397,227,1,2172
process364,228,9,2181
process552,228,7,2188
process697,229,4,2192
process86,231,4,2196
process223,231,9,2205
process257,231,6,2211
process319,231,9,2220
process249,232,6,2226
process402,232,5,2231
process823,232,1,2232
process489,233,7,2239
process558,233,6,2245
process58,234,4,2249
process167,234,4,2253
process346,234,7,2260
process804,234,9,2269
process21,235,10,2279
process225,235,6,2285
process526,237,3,2288
process328,239,7,2295
process335,239,3,2298
process886,239,1,2299
process321,240,10,2309
process508,240,4,2313
process744,240,2,2315
process760,240,8,2323
process887,240,9,2332
process384,241,7,2339
process764,242,7,2346
process532,244,8,2354
process752,244,4,2358
process51,245,5,2363
process361,245,7,2370
process217,247,2,2372
process555,247,8,2380
process276,248,8,2388
process69,249,7,2395
process157,249,7,2402
process678,249,1,2403
process711,250,6,2409
process3,251,10,2419
process632,252,5,2424
process740,252,1,2425
process863,252,6,2431
process133,253,3,2434
process177,253,10,2444
process412,254,4,2448
process871,254,10,2458
process585,255,9,2467
process798,257,1,2468
process261,258,10,2478
process279,258,1,2479
process282,259,9,2488
process750,259,2,2490
process185,260,10,2500
process197,260,1,2501
process525,260,6,2507
process569,261,5,2512
process854,262,4,2516
process754,263,1,2517
process144,264,5,2522
process248,264,5,2527
process453,264,10,2537
process429,265,8,2545
process497,265,7,2552
process564,265,10,2562
process658,265,9,2571
process757,265,5,2576
process112,266,5,2581
process511,267,7,2588
process579,267,8,2596
process843,267,4,2600
process358,268,3,2603
process396,269,1,2604
process200,270,6,2610
process211,270,7,2617
process467,270,7,2624
process779,270,3,2627
process795,270,8,2635
process162,271,6,2641
process315,271,3,2644
process477,273,6,2650
process870,273,1,2651
process313,274,9,2660
process557,274,8,2668
process638,274,3,2671
process690,274,8,2679
process490,275,2,2681
process100,277,7,2688
process136,277,9,2697
process280,277,6,2703
process606,277,1,2704
process327,278,2,2706
process439,278,1,2707
process459,278,6,2713
process894,278,8,2721
process389,279,6,2727
process85,280,4,2731
process648,280,6,2737
process405,281,3,2740
process543,282,10,2750
process227,283,6,2756
process520,283,8,2764
process534,283,6,2770
process205,284,1,2771
process513,284,4,2775
process672,286,10,2785
process763,286,3,2788
process166,287,4,2792
process378,287,5,2797
process645,287,5,2802
process867,287,10,2812
process466,288,7,2819
process655,288,10,2829
process77,289,7,2836
process116,289,9,2845
process176,289,5,2850
process571,289,6,2856
process546,291,9,2865
process568,291,3,2868
process572,291,4,2872
process783,291,1,2873
process161,292,8,2881
process263,292,9,2890
process524,292,4,2894
process479,293,3,2897
process286,294,3,2900
process292,295,8,2908
process422,295,8,2916
process687,295,4,2920
process245,296,7,2927
process438,296,8,2935
process43,297,3,2938
process272,297,2,2940
process367,298,4,2944
process682,298,3,2947
process833,299,8,2955
process154,300,9,2964
process180,300,5,2969
process345,300,8,2977
process88,301,9,2986
process411,302,8,2994
process300,303,2,2996
process399,303,7,3003
process703,303,8,3011
process184,304,3,3014
process242,304,1,3015
process626,304,5,3020
process50,305,9,3029
process570,305,4,3033
process762,305,4,3037
process407,306,8,3045
process465,307,8,3053
process423,310,8,3061
process371,311,1,3062
process892,313,3,3065
process324,315,7,3072
process336,316,6,3078
process615,316,4,3082
process15,317,4,3086
process348,317,5,3091
process521,317,8,3099
process498,318,8,3107
process506,318,6,3113
process541,318,3,3116
process55,319,9,3125
process333,319,7,3132
process203,321,7,3139
process222,321,3,3142
process372,321,10,3152
process881,323,7,3159
process897,323,1,3160
process482,324,2,3162
process74,326,2,3164
process195,326,5,3169
process563,326,8,3177
process696,326,8,3185
process8,327,6,3191
process312,327,8,3199
process317,327,6,3205
process737,330,8,3213
process84,333,2,3215
process739,333,4,3219
process468,334,5,3224
process560,334,5,3229
process836,334,3,3232
process174,336,2,3234
process260,336,2,3236
process305,336,1,3237
process316,336,7,3244
process344,336,2,3246
process819,336,10,3256
process99,337,4,3260
process550,337,1,3261
process592,337,10,3271
process707,337,8,3279
process731,337,1,3280
process139,338,7,3287
process613,338,3,3290
process492,339,7,3297
process528,339,10,3307
process308,340,4,3311
process374,340,5,3316
process713,340,8,3324
process130,341,5,3329
process899,341,1,3330
process608,343,7,3337
process640,344,6,3343
process720,345,7,3350
process554,346,9,3359
process879,348,6,3365
process832,349,3,3368
process299,351,9,3377
process831,351,6,3383
process146,352,5,3388
process472,352,2,3390
process549,352,8,3398
process597,352,9,3407
process1,353,2,3409
process76,353,6,3415
process782,353,7,3422
process125,355,6,3428
process382,355,1,3429
process437,355,2,3431
process445,355,6,3437
process545,355,8,3445
process567,356,9,3454
process698,356,3,3457
process250,358,7,3464
process406,358,4,3468
process589,358,6,3474
process87,359,2,3476
process440,359,7,3483
process18,360,2,3485
process883,360,9,3494
process271,361,3,3497
process773,361,9,3506
process630,362,10,3516
process244,363,10,3526
process369,364,1,3527
process536,365,7,3534
process281,366,4,3538
process302,367,6,3544
process719,368,8,3552
process237,369,3,3555
process452,369,4,3559
process507,369,10,3569
process232,370,10,3579
process381,370,7,3586
process686,370,8,3594
process427,371,9,3603
process14,373,1,3604
process46,373,5,3609
process807,373,3,3612
process70,374,1,3613
process578,374,7,3620
process548,375,7,3627
process741,375,1,3628
process446,377,10,3638
process509,377,7,3645
process132,378,1,3646
process169,378,4,3650
process331,378,8,3658
process724,378,4,3662
process797,378,4,3666
process82,379,5,3671
process141,379,7,3678
process856,379,9,3687
process733,380,2,3689
process338,381,4,3693
process377,381,3,3696
process500,381,9,3705
process516,381,8,3713
process220,382,9,3722
process866,382,8,3730
process310,383,7,3737
process309,384,5,3742
process577,385,1,3743
process103,386,4,3747
process306,386,9,3756
process145,387,9,3765
process214,388,8,3773
process400,388,3,3776
process332,389,6,3782
process433,390,3,3785
process787,390,10,3795
process789,390,1,3796
process414,392,6,3802
process799,392,2,3804
process117,393,5,3809
process688,393,10,3819
process92,394,10,3829
process329,394,9,3838
process462,395,8,3846
process643,395,2,3848
process772,395,8,3856
process96,396,6,3862
process236,397,8,3870
process598,397,8,3878
process712,398,2,3880
process268,399,9,3889
process456,399,8,3897
process514,399,3,3900
process121,400,2,3902
process318,400,3,3905
process376,400,5,3910
process605,400,6,3916
process28,401,5,3921
process36,401,6,3927
process311,401,9,3936
process181,402,3,3939
process0,403,4,3943
process24,403,10,3953
process424,403,6,3959
process700,403,3,3962
process40,404,9,3971
process57,405,8,3979
process241,406,4,3983
process224,407,2,3985
process340,407,3,3988
process13,408,8,3996
process64,409,2,3998
process274,409,2,4000
process404,410,9,4009
process644,410,8,4017
process172,411,8,4025
process785,411,8,4033
process20,413,8,4041
process191,414,2,4043
process590,414,5,4048
process296,415,2,4050
process322,415,3,4053
process464,415,9,4062
process646,415,2,4064
process735,415,1,4065
process491,416,4,4069
process877,416,6,4075
process173,419,7,4082
process474,420,1,4083
process808,421,5,4088
process830,421,9,4097
process857,422,3,4100
process26,423,6,4106
process815,423,5,4111
process884,423,9,4120
process199,425,10,4130
process463,426,1,4131
process294,427,7,4138
process416,427,3,4141
process727,428,2,4143
process755,429,5,4148
process512,430,3,4151
process110,431,6,4157
process189,431,7,4164
process365,431,9,4173
process642,431,3,4176
process114,432,2,4178
process370,432,6,4184
process684,432,4,4188
process767,432,6,4194
process825,432,7,4201
process820,433,7,4208
process637,434,6,4214
process518,435,8,4222
process25,436,7,4229
process817,436,5,4234
process215,437,2,4236
process499,438,10,4246
process614,438,10,4256
process488,439,7,4263
process895,442,10,4273
process113,443,4,4277
process705,443,6,4283
process98,444,7,4290
process413,444,1,4291
process342,445,5,4296
process2,446,2,4298
process35,446,3,4301
process695,446,4,4305
process59,447,7,4312
process97,447,6,4318
process844,447,4,4322
process366,448,8,4330
process673,448,3,4333
process761,448,9,4342
process746,449,6,4348
process814,449,1,4349
process37,450,5,4354
process78,451,5,4359
process355,451,3,4362
process627,451,8,4370
process704,451,5,4375
process876,452,6,4381
process94,453,10,4391
process22,454,8,4399
process159,454,9,4408
process651,454,7,4415
process715,454,2,4417
process706,455,6,4423
process89,456,4,4427
process535,456,2,4429
process629,456,7,4436
process855,456,1,4437
process303,457,10,4447
process542,457,6,4453
process444,458,5,4458
process561,458,7,4465
process818,458,7,4472
process129,459,3,4475
process155,459,7,4482
process622,459,5,4487
process243,460,9,4496
process533,460,8,4504
process562,461,4,4508
process631,461,5,4513
process660,462,7,4520
process247,463,8,4528
process484,463,5,4533
process882,463,7,4540
process325,465,10,4550
process791,465,1,4551
process153,466,4,4555
process619,466,7,4562
process676,466,4,4566
process800,466,3,4569
process353,467,6,4575
process861,469,6,4581
process149,470,6,4587
process652,470,1,4588
process699,470,10,4598
process868,471,5,4603
process656,472,7,4610
process326,473,8,4618
process721,473,1,4619
process156,474,6,4625
process196,474,6,4631
process352,474,10,4641
process137,475,2,4643
process246,475,5,4648
process38,476,3,4651
process118,476,10,4661
process208,476,2,4663
process565,476,9,4672
process45,477,5,4677
process212,477,9,4686
process493,477,6,4692
process649,477,5,4697
process470,479,9,4706
process574,479,6,4712
process778,479,7,4719
process838,479,6,4725
process842,479,6,4731
process265,480,9,4740
process725,480,6,4746
process72,481,3,4749
process235,481,3,4752
process269,481,3,4755
process90,482,5,4760
process349,482,4,4764
process584,482,3,4767
process33,483,4,4771
process591,483,2,4773
process736,483,10,4783
process105,484,7,4790
process573,484,10,4800
process786,484,1,4801
process878,484,8,4809
process891,484,1,4810
process674,485,9,4819
process415,487,6,4825
process66,488,3,4828
process634,488,9,4837
process641,489,8,4845
process213,490,4,4849
process418,490,8,4857
process275,491,4,4861
process375,491,7,4868
process430,491,6,4874
process559,491,4,4878
process609,491,8,4886
process431,492,6,4892
process732,492,9,4901
process828,494,9,4910
process143,495,7,4917
process417,495,7,4924
process442,495,10,4934
process805,495,3,4937
process60,496,2,4939
process363,496,7,4946
process16,498,6,4952
process803,498,6,4958
process5,499,2,4960
process753,499,10,4970
process47,500,5,4975