name,arrive_time,execution_time,exit_time
process80,0,2,2
process421,0,8,10
process42,1,2,12
process765,1,6,18
process874,1,4,22
process147,3,8,30
process620,3,6,36
process745,3,1,37
process458,4,1,38
process164,5,8,46
process168,6,7,53
process455,6,9,62
process636,6,5,67
process742,6,8,75
process194,8,8,83
process604,8,9,92
process392,10,7,99
process768,10,2,101
process771,10,2,103
process813,10,1,104
process494,11,7,111
process519,11,9,120
process776,11,4,124
process662,12,6,130
process625,14,5,135
process702,14,6,141
process108,15,7,148
process354,15,6,154
process898,15,9,163
process983,15,3,166
process988,16,6,172
process44,17,2,174
process408,17,5,179
process428,17,8,187
process283,18,8,195
process448,19,1,196
process503,19,1,197
process694,19,1,198
process759,19,4,202
process913,19,3,205
process23,20,8,213
process53,21,1,214
process443,21,5,219
process683,21,2,221
process216,22,3,224
process610,22,1,225
process681,22,5,230
process837,22,6,236
process131,23,4,240
process581,23,7,247
process926,23,3,250
process288,24,6,256
process875,24,8,264
process906,24,4,268
process454,26,3,271
process480,26,2,273
process210,27,5,278
process485,27,8,286
process120,28,3,289
process251,28,10,299
process330,28,4,303
process647,28,1,304
process792,28,2,306
process835,28,6,312
process717,30,4,316
process547,31,2,318
process670,31,2,320
process420,32,3,323
process379,34,6,329
process553,34,6,335
process650,34,6,341
process17,35,2,343
process187,35,3,346
process912,35,1,347
process127,36,8,355
process600,36,7,362
process909,36,5,367
process950,36,3,370
process869,37,1,371
process896,37,8,379
process991,37,7,386
process510,38,4,390
process502,39,4,394
process527,39,4,398
process710,39,10,408
process505,40,8,416
process980,40,8,424
process41,41,9,433
process290,41,7,440
process140,42,4,444
process481,42,3,447
process62,43,9,456
process603,43,4,460
process19,44,2,462
process183,44,1,463
process259,44,3,466
process301,45,6,472
process531,45,7,479
process298,46,5,484
process471,47,5,489
process848,48,3,492
process356,49,8,500
process393,49,10,510
process628,49,5,515
process661,49,1,516
process777,49,3,519
process905,49,9,528
process522,50,2,530
process75,52,9,539
process743,52,4,543
process812,52,8,551
process929,52,4,555
process29,53,9,564
process575,53,4,568
process849,53,10,578
process160,54,4,582
process254,54,5,587
process953,54,8,595
process447,55,7,602
process664,56,3,605
process932,56,1,606
process68,57,5,611
process83,57,10,621
process788,57,1,622
process193,58,1,623
process277,58,7,630
process401,58,4,634
process530,58,9,643
process6,60,2,645
process262,61,10,655
process596,61,9,664
process611,61,7,671
process170,62,6,677
process691,62,7,684
process824,62,4,688
process538,63,8,696
process556,63,8,704
process728,63,9,713
process102,64,5,718
process495,64,1,719
process986,64,6,725
process63,65,3,728
process747,65,5,733
process845,65,6,739
process48,66,2,741
process403,66,10,751
process476,66,3,754
process517,66,1,755
process722,66,10,765
process138,67,3,768
process587,67,3,771
process599,67,3,774
process708,68,6,780
process751,68,10,790
process30,69,6,796
process182,71,2,798
process334,71,6,804
process523,71,8,812
process449,72,9,821
process726,72,10,831
process81,73,9,840
process865,73,1,841
process91,74,8,849
process617,74,6,855
process654,74,6,861
process769,74,4,865
process657,75,5,870
process756,75,6,876
process4,77,5,881
process890,77,8,889
process612,79,2,891
process860,80,1,892
process34,81,5,897
process515,81,4,901
process723,81,8,909
process802,81,4,913
process975,81,7,920
process10,82,10,930
process339,82,5,935
process653,82,7,942
process957,82,9,951
process796,83,4,955
process436,84,10,965
process616,84,7,972
process793,85,1,973
process951,85,3,976
process123,86,8,984
process320,86,3,987
process373,89,2,989
process583,89,6,995
process859,89,6,1001
process152,90,6,1007
process284,90,2,1009
process357,90,9,1018
process911,90,5,1023
process385,91,8,1031
process580,91,9,1040
process784,91,9,1049
process368,92,10,1059
process450,92,7,1066
process350,93,9,1075
process432,93,4,1079
process907,93,8,1087
process56,94,6,1093
process192,94,9,1102
process347,94,8,1110
process435,94,3,1113
process846,94,5,1118
process142,95,3,1121
process163,95,2,1123
process947,95,6,1129
process12,96,2,1131
process128,96,7,1138
process633,97,10,1148
process151,98,7,1155
process840,98,7,1162
process872,98,2,1164
process295,99,8,1172
process264,100,10,1182
process473,100,1,1183
process204,101,5,1188
process291,101,4,1192
process67,102,9,1201
process209,102,5,1206
process847,102,7,1213
process266,103,6,1219
process297,103,6,1225
process238,104,9,1234
process529,104,9,1243
process441,105,6,1249
process537,105,9,1258
process709,105,1,1259
process287,106,1,1260
process380,108,10,1270
process434,110,10,1280
process770,111,9,1289
process689,113,9,1298
process730,115,6,1304
process734,115,9,1313
process780,115,8,1321
process595,116,6,1327
process122,118,2,1329
process362,118,2,1331
process419,118,3,1334
process781,118,7,1341
process230,119,1,1342
process457,119,6,1348
process851,119,1,1349
process134,120,8,1357
process794,120,4,1361
process809,120,1,1362
process806,121,3,1365
process936,121,8,1373
process685,122,4,1377
process790,122,9,1386
process839,122,2,1388
process27,123,2,1390
process273,123,7,1397
process52,124,8,1405
process486,124,7,1412
process967,124,7,1419
process115,127,7,1426
process460,127,7,1433
process601,127,3,1436
process341,128,5,1441
process425,128,1,1442
process864,128,2,1444
process171,129,1,1445
process692,129,5,1450
process862,131,1,1451
process304,132,5,1456
process893,132,1,1457
process987,132,7,1464
process359,133,5,1469
process240,134,4,1473
process314,134,7,1480
process621,134,8,1488
process95,135,7,1495
process386,135,2,1497
process65,136,7,1504
process289,136,3,1507
process483,136,5,1512
process680,136,6,1518
process544,137,2,1520
process995,137,9,1529
process32,138,3,1532
process880,138,1,1533
process889,138,5,1538
process469,139,3,1541
process106,141,6,1547
process150,141,4,1551
process201,141,6,1557
process540,141,5,1562
process667,141,5,1567
process701,141,9,1576
process810,141,8,1584
process852,141,10,1594
process218,142,1,1595
process126,143,5,1600
process360,143,8,1608
process158,144,5,1613
process478,144,6,1619
process73,145,7,1626
process811,145,8,1634
process49,147,8,1642
process228,148,4,1646
process285,151,7,1653
process79,152,1,1654
process221,152,4,1658
process323,152,5,1663
process387,152,8,1671
process551,152,3,1674
process588,152,2,1676
process729,152,4,1680
process985,152,9,1689
process539,154,4,1693
process826,154,5,1698
process931,154,9,1707
process426,155,9,1716
process665,155,5,1721
process693,155,9,1730
process918,156,10,1740
process175,157,3,1743
process593,158,6,1749
process107,159,10,1759
process239,159,6,1765
process475,159,4,1769
process639,159,3,1772
process677,159,10,1782
process148,161,3,1785
process253,161,2,1787
process219,162,9,1796
process594,162,4,1800
process383,163,1,1801
process841,163,2,1803
process858,163,3,1806
process586,164,9,1815
process635,164,1,1816
process671,164,1,1817
process758,166,5,1822
process566,169,8,1830
process982,169,1,1831
process93,170,9,1840
process293,170,9,1849
process461,171,5,1854
process11,172,3,1857
process71,172,3,1860
process104,172,9,1869
process233,172,1,1870
process668,173,2,1872
process999,173,9,1881
process119,174,5,1886
process226,174,7,1893
process775,174,3,1896
process821,174,2,1898
process966,174,8,1906
process977,174,8,1914
process618,175,2,1916
process992,175,5,1921
process827,176,5,1926
process231,177,2,1928
process774,178,2,1930
process394,179,4,1934
process501,179,5,1939
process343,180,4,1943
process395,180,7,1950
process124,181,10,1960
process135,181,7,1967
process54,182,2,1969
process61,182,10,1979
process101,182,7,1986
process202,182,9,1995
process487,182,7,2002
process853,182,9,2011
process234,183,7,2018
process451,183,5,2023
process666,184,3,2026
process31,185,9,2035
process270,185,1,2036
process186,187,3,2039
process663,187,7,2046
process109,188,4,2050
process582,188,1,2051
process675,189,9,2060
process267,190,10,2070
process965,190,9,2079
process974,190,5,2084
process206,191,5,2089
process624,191,1,2090
process801,192,5,2095
process968,192,8,2103
process829,193,8,2111
process165,194,7,2118
process766,195,7,2125
process39,196,7,2132
process410,197,10,2142
process679,197,7,2149
process716,197,4,2153
process337,198,9,2162
process714,198,5,2167
process188,199,7,2174
process190,199,6,2180
process908,199,7,2187
process178,200,10,2197
process390,200,7,2204
process900,200,8,2212
process602,201,2,2214
process834,201,2,2216
process885,201,3,2219
process984,201,4,2223
process749,202,5,2228
process278,204,4,2232
process307,204,5,2237
process576,205,10,2247
process822,205,9,2256
process888,205,6,2262
process496,206,10,2272
process970,206,3,2275
process659,207,6,2281
process816,207,3,2284
process935,207,5,2289
process258,208,8,2297
process111,209,3,2300
process179,209,6,2306
process996,209,2,2308
process607,213,9,2317
process979,213,4,2321
process398,215,3,2324
process850,216,9,2333
process229,218,2,2335
process252,218,8,2343
process255,218,10,2353
process738,218,1,2354
process748,218,4,2358
process198,219,10,2368
process7,220,10,2378
process207,220,1,2379
process409,220,3,2382
process388,221,1,2383
process669,221,1,2384
process997,221,6,2390
process504,223,3,2393
process623,223,4,2397
process873,223,9,2406
process256,226,9,2415
process718,226,5,2420
process9,227,1,2421
process351,227,5,2426
process391,227,5,2431
process397,227,1,2432
process949,227,3,2435
process364,228,9,2444
process552,228,7,2451
process697,229,4,2455
process86,231,4,2459
process223,231,9,2468
process257,231,6,2474
process319,231,9,2483
process969,231,2,2485
process249,232,6,2491
process402,232,5,2496
process823,232,1,2497
process489,233,7,2504
process558,233,6,2510
process58,234,4,2514
process167,234,4,2518
process346,234,7,2525
process804,234,9,2534
process21,235,10,2544
process225,235,6,2550
process526,237,3,2553
process328,239,7,2560
process335,239,3,2563
process886,239,1,2564
process321,240,10,2574
process508,240,4,2578
process744,240,2,2580
process760,240,8,2588
process887,240,9,2597
process384,241,7,2604
process764,242,7,2611
process532,244,8,2619
process752,244,4,2623
process51,245,5,2628
process361,245,7,2635
process217,247,2,2637
process555,247,8,2645
process276,248,8,2653
process69,249,7,2660
process157,249,7,2667
process678,249,1,2668
process711,250,6,2674
process3,251,10,2684
process632,252,5,2689
process740,252,1,2690
process863,252,6,2696
process133,253,3,2699
process177,253,10,2709
process412,254,4,2713
process871,254,10,2723
process585,255,9,2732
process798,257,1,2733
process943,257,4,2737
process261,258,10,2747
process279,258,1,2748
process282,259,9,2757
process750,259,2,2759
process185,260,10,2769
process197,260,1,2770
process525,260,6,2776
process569,261,5,2781
process854,262,4,2785
process754,263,1,2786
process925,263,10,2796
process144,264,5,2801
process248,264,5,2806
process453,264,10,2816
process429,265,8,2824
process497,265,7,2831
process564,265,10,2841
process658,265,9,2850
process757,265,5,2855
process112,266,5,2860
process511,267,7,2867
process579,267,8,2875
process843,267,4,2879
process358,268,3,2882
process396,269,1,2883
process990,269,10,2893
process200,270,6,2899
process211,270,7,2906
process467,270,7,2913
process779,270,3,2916
process795,270,8,2924
process162,271,6,2930
process315,271,3,2933
process477,273,6,2939
process870,273,1,2940
process313,274,9,2949
process557,274,8,2957
process638,274,3,2960
process690,274,8,2968
process490,275,2,2970
process100,277,7,2977
process136,277,9,2986
process280,277,6,2992
process606,277,1,2993
process327,278,2,2995
process439,278,1,2996
process459,278,6,3002
process894,278,8,3010
process389,279,6,3016
process972,279,2,3018
process85,280,4,3022
process648,280,6,3028
process405,281,3,3031
process543,282,10,3041
process227,283,6,3047
process520,283,8,3055
process534,283,6,3061
process205,284,1,3062
process513,284,4,3066
process672,286,10,3076
process763,286,3,3079
process166,287,4,3083
process378,287,5,3088
process645,287,5,3093
process867,287,10,3103
process466,288,7,3110
process655,288,10,3120
process920,288,1,3121
process77,289,7,3128
process116,289,9,3137
process176,289,5,3142
process571,289,6,3148
process941,289,7,3155
process546,291,9,3164
process568,291,3,3167
process572,291,4,3171
process783,291,1,3172
process161,292,8,3180
process263,292,9,3189
process524,292,4,3193
process479,293,3,3196
process286,294,3,3199
process292,295,8,3207
process422,295,8,3215
process687,295,4,3219
process245,296,7,3226
process438,296,8,3234
process43,297,3,3237
process272,297,2,3239
process367,298,4,3243
process682,298,3,3246
process833,299,8,3254
process154,300,9,3263
process180,300,5,3268
process345,300,8,3276
process942,300,7,3283
process963,300,6,3289
process88,301,9,3298
process901,301,10,3308
process411,302,8,3316
process300,303,2,3318
process399,303,7,3325
process703,303,8,3333
process184,304,3,3336
process242,304,1,3337
process626,304,5,3342
process50,305,9,3351
process570,305,4,3355
process762,305,4,3359
process407,306,8,3367
process976,306,6,3373
process994,306,6,3379
process465,307,8,3387
process962,307,8,3395
process423,310,8,3403
process371,311,1,3404
process892,313,3,3407
process914,314,2,3409
process324,315,7,3416
process336,316,6,3422
process615,316,4,3426
process15,317,4,3430
process348,317,5,3435
process521,317,8,3443
process498,318,8,3451
process506,318,6,3457
process541,318,3,3460
process55,319,9,3469
process333,319,7,3476
process903,319,4,3480
process203,321,7,3487
process222,321,3,3490
process372,321,10,3500
process881,323,7,3507
process897,323,1,3508
process482,324,2,3510
process937,325,9,3519
process956,325,7,3526
process74,326,2,3528
process195,326,5,3533
process563,326,8,3541
process696,326,8,3549
process939,326,8,3557
process8,327,6,3563
process312,327,8,3571
process317,327,6,3577
process934,328,4,3581
process737,330,8,3589
process971,330,4,3593
process84,333,2,3595
process739,333,4,3599
process468,334,5,3604
process560,334,5,3609
process836,334,3,3612
process923,334,9,3621
process174,336,2,3623
process260,336,2,3625
process305,336,1,3626
process316,336,7,3633
process344,336,2,3635
process819,336,10,3645
process99,337,4,3649
process550,337,1,3650
process592,337,10,3660
process707,337,8,3668
process731,337,1,3669
process139,338,7,3676
process613,338,3,3679
process964,338,7,3686
process492,339,7,3693
process528,339,10,3703
process308,340,4,3707
process374,340,5,3712
process713,340,8,3720
process130,341,5,3725
process899,341,1,3726
process608,343,7,3733
process640,344,6,3739
process978,344,10,3749
process720,345,7,3756
process554,346,9,3765
process879,348,6,3771
process917,348,4,3775
process973,348,10,3785
process832,349,3,3788
process299,351,9,3797
process831,351,6,3803
process146,352,5,3808
process472,352,2,3810
process549,352,8,3818
process597,352,9,3827
process1,353,2,3829
process76,353,6,3835
process782,353,7,3842
process998,354,1,3843
process125,355,6,3849
process382,355,1,3850
process437,355,2,3852
process445,355,6,3858
process545,355,8,3866
process567,356,9,3875
process698,356,3,3878
process250,358,7,3885
process406,358,4,3889
process589,358,6,3895
process87,359,2,3897
process440,359,7,3904
process18,360,2,3906
process883,360,9,3915
process271,361,3,3918
process773,361,9,3927
process630,362,10,3937
process244,363,10,3947
process369,364,1,3948
process536,365,7,3955
process281,366,4,3959
process921,366,9,3968
process993,366,7,3975
process302,367,6,3981
process952,367,3,3984
process719,368,8,3992
process237,369,3,3995
process452,369,4,3999
process507,369,10,4009
process232,370,10,4019
process381,370,7,4026
process686,370,8,4034
process427,371,9,4043
process14,373,1,4044
process46,373,5,4049
process807,373,3,4052
process70,374,1,4053
process578,374,7,4060
process548,375,7,4067
process741,375,1,4068
process446,377,10,4078
process509,377,7,4085
process132,378,1,4086
process169,378,4,4090
process331,378,8,4098
process724,378,4,4102
process797,378,4,4106
process930,378,8,4114
process82,379,5,4119
process141,379,7,4126
process856,379,9,4135
process733,380,2,4137
process338,381,4,4141
process377,381,3,4144
process500,381,9,4153
process516,381,8,4161
process220,382,9,4170
process866,382,8,4178
process310,383,7,4185
process309,384,5,4190
process577,385,1,4191
process103,386,4,4195
process306,386,9,4204
process145,387,9,4213
process214,388,8,4221
process400,388,3,4224
process332,389,6,4230
process915,389,5,4235
process433,390,3,4238
process787,390,10,4248
process789,390,1,4249
process414,392,6,4255
process799,392,2,4257
process117,393,5,4262
process688,393,10,4272
process92,394,10,4282
process329,394,9,4291
process462,395,8,4299
process643,395,2,4301
process772,395,8,4309
process928,395,4,4313
process96,396,6,4319
process236,397,8,4327
process598,397,8,4335
process712,398,2,4337
process268,399,9,4346
process456,399,8,4354
process514,399,3,4357
process121,400,2,4359
process318,400,3,4362
process376,400,5,4367
process605,400,6,4373
process28,401,5,4378
process36,401,6,4384
process311,401,9,4393
process924,401,4,4397
process938,401,10,4407
process181,402,3,4410
process0,403,4,4414
process24,403,10,4424
process424,403,6,4430
process700,403,3,4433
process40,404,9,4442
process57,405,8,4450
process954,405,9,4459
process241,406,4,4463
process224,407,2,4465
process340,407,3,4468
process13,408,8,4476
process64,409,2,4478
process274,409,2,4480
process981,409,9,4489
process404,410,9,4498
process644,410,8,4506
process172,411,8,4514
process785,411,8,4522
process20,413,8,4530
process191,414,2,4532
process590,414,5,4537
process296,415,2,4539
process322,415,3,4542
process464,415,9,4551
process646,415,2,4553
process735,415,1,4554
process491,416,4,4558
process877,416,6,4564
process173,419,7,4571
process474,420,1,4572
process808,421,5,4577
process830,421,9,4586
process857,422,3,4589
process26,423,6,4595
process815,423,5,4600
process884,423,9,4609
process910,423,10,4619
process199,425,10,4629
process463,426,1,4630
process961,426,9,4639
process294,427,7,4646
process416,427,3,4649
process959,427,10,4659
process727,428,2,4661
process955,428,5,4666
process755,429,5,4671
process512,430,3,4674
process110,431,6,4680
process189,431,7,4687
process365,431,9,4696
process642,431,3,4699
process114,432,2,4701
process370,432,6,4707
process684,432,4,4711
process767,432,6,4717
process825,432,7,4724
process820,433,7,4731
process637,434,6,4737
process958,434,9,4746
process518,435,8,4754
process25,436,7,4761
process817,436,5,4766
process215,437,2,4768
process499,438,10,4778
process614,438,10,4788
process488,439,7,4795
process895,442,10,4805
process113,443,4,4809
process705,443,6,4815
process98,444,7,4822
process413,444,1,4823
process342,445,5,4828
process2,446,2,4830
process35,446,3,4833
process695,446,4,4837
process59,447,7,4844
process97,447,6,4850
process844,447,4,4854
process366,448,8,4862
process673,448,3,4865
process761,448,9,4874
process746,449,6,4880
process814,449,1,4881
process37,450,5,4886
process78,451,5,4891
process355,451,3,4894
process627,451,8,4902
process704,451,5,4907
process876,452,6,4913
process948,452,4,4917
process94,453,10,4927
process22,454,8,4935
process159,454,9,4944
process651,454,7,4951
process715,454,2,4953
process706,455,6,4959
process89,456,4,4963
process535,456,2,4965
process629,456,7,4972
process855,456,1,4973
process303,457,10,4983
process542,457,6,4989
process444,458,5,4994
process561,458,7,5001
process818,458,7,5008
process129,459,3,5011
process155,459,7,5018
process622,459,5,5023
process243,460,9,5032
process533,460,8,5040
process562,461,4,5044
process631,461,5,5049
process660,462,7,5056
process247,463,8,5064
process484,463,5,5069
process882,463,7,5076
process927,463,3,5079
process325,465,10,5089
process791,465,1,5090
process153,466,4,5094
process619,466,7,5101
process676,466,4,5105
process800,466,3,5108
process902,466,8,5116
process353,467,6,5122
process940,467,1,5123
process861,469,6,5129
process149,470,6,5135
process652,470,1,5136
process699,470,10,5146
process868,471,5,5151
process656,472,7,5158
process326,473,8,5166
process721,473,1,5167
process156,474,6,5173
process196,474,6,5179
process352,474,10,5189
process137,475,2,5191
process246,475,5,5196
process38,476,3,5199
process118,476,10,5209
process208,476,2,5211
process565,476,9,5220
process45,477,5,5225
process212,477,9,5234
process493,477,6,5240
process649,477,5,5245
process916,478,5,5250
process470,479,9,5259
process574,479,6,5265
process778,479,7,5272
process838,479,6,5278
process842,479,6,5284
process265,480,9,5293
process725,480,6,5299
process72,481,3,5302
process235,481,3,5305
process269,481,3,5308
process90,482,5,5313
process349,482,4,5317
process584,482,3,5320
process945,482,9,5329
process33,483,4,5333
process591,483,2,5335
process736,483,10,5345
process105,484,7,5352
process573,484,10,5362
process786,484,1,5363
process878,484,8,5371
process891,484,1,5372
process674,485,9,5381
process933,485,6,5387
process946,486,7,5394
process415,487,6,5400
process66,488,3,5403
process634,488,9,5412
process641,489,8,5420
process213,490,4,5424
process418,490,8,5432
process275,491,4,5436
process375,491,7,5443
process430,491,6,5449
process559,491,4,5453
process609,491,8,5461
process431,492,6,5467
process732,492,9,5476
process944,492,9,5485
process828,494,9,5494
process143,495,7,5501
process417,495,7,5508
process442,495,10,5518
process805,495,3,5521
process60,496,2,5523
process363,496,7,5530
process16,498,6,5536
process803,498,6,5542
process922,498,3,5545
process989,498,10,5555
process5,499,2,5557
process753,499,10,5567
process919,499,1,5568
process47,500,5,5573
process904,500,4,5577
process960,500,9,5586