name,arrive_time,execution_time,exit_time
process80,0,2,2
process421,0,8,10
process42,1,2,12
process147,3,8,20
process458,4,1,21
process164,5,8,29
process168,6,7,36
process455,6,9,45
process194,8,8,53
process392,10,7,60
process494,11,7,67
process519,11,9,76
process108,15,7,83
process354,15,6,89
process44,17,2,91
process408,17,5,96
process428,17,8,104
process283,18,8,112
process448,19,1,113
process503,19,1,114
process23,20,8,122
process53,21,1,123
process443,21,5,128
process216,22,3,131
process131,23,4,135
process581,23,7,142
process288,24,6,148
process454,26,3,151
process480,26,2,153
process210,27,5,158
process485,27,8,166
process120,28,3,169
process251,28,10,179
process330,28,4,183
process547,31,2,185
process420,32,3,188
process379,34,6,194
process553,34,6,200
process17,35,2,202
process187,35,3,205
process127,36,8,213
process510,38,4,217
process502,39,4,221
process527,39,4,225
process505,40,8,233
process41,41,9,242
process290,41,7,249
process140,42,4,253
process481,42,3,256
process62,43,9,265
process19,44,2,267
process183,44,1,268
process259,44,3,271
process301,45,6,277
process531,45,7,284
process298,46,5,289
process471,47,5,294
process356,49,8,302
process393,49,10,312
process522,50,2,314
process75,52,9,323
process29,53,9,332
process575,53,4,336
process160,54,4,340
process254,54,5,345
process447,55,7,352
process68,57,5,357
process83,57,10,367
process193,58,1,368
process277,58,7,375
process401,58,4,379
process530,58,9,388
process6,60,2,390
process262,61,10,400
process596,61,9,409
process170,62,6,415
process538,63,8,423
process556,63,8,431
process102,64,5,436
process495,64,1,437
process63,65,3,440
process48,66,2,442
process403,66,10,452
process476,66,3,455
process517,66,1,456
process138,67,3,459
process587,67,3,462
process599,67,3,465
process30,69,6,471
process182,71,2,473
process334,71,6,479
process523,71,8,487
process449,72,9,496
process81,73,9,505
process91,74,8,513
process4,77,5,518
process34,81,5,523
process515,81,4,527
process10,82,10,537
process339,82,5,542
process436,84,10,552
process123,86,8,560
process320,86,3,563
process373,89,2,565
process583,89,6,571
process152,90,6,577
process284,90,2,579
process357,90,9,588
process385,91,8,596
process580,91,9,605
process368,92,10,615
process450,92,7,622
process350,93,9,631
process432,93,4,635
process56,94,6,641
process192,94,9,650
process347,94,8,658
process435,94,3,661
process142,95,3,664
process163,95,2,666
process12,96,2,668
process128,96,7,675
process151,98,7,682
process295,99,8,690
process264,100,10,700
process473,100,1,701
process204,101,5,706
process291,101,4,710
process67,102,9,719
process209,102,5,724
process266,103,6,730
process297,103,6,736
process238,104,9,745
process529,104,9,754
process441,105,6,760
process537,105,9,769
process287,106,1,770
process380,108,10,780
process434,110,10,790
process595,116,6,796
process122,118,2,798
process362,118,2,800
process419,118,3,803
process230,119,1,804
process457,119,6,810
process134,120,8,818
process27,123,2,820
process273,123,7,827
process52,124,8,835
process486,124,7,842
process115,127,7,849
process460,127,7,856
process341,128,5,861
process425,128,1,862
process171,129,1,863
process304,132,5,868
process359,133,5,873
process240,134,4,877
process314,134,7,884
process95,135,7,891
process386,135,2,893
process65,136,7,900
process289,136,3,903
process483,136,5,908
process544,137,2,910
process32,138,3,913
process469,139,3,916
process106,141,6,922
process150,141,4,926
process201,141,6,932
process540,141,5,937
process218,142,1,938
process126,143,5,943
process360,143,8,951
process158,144,5,956
process478,144,6,962
process73,145,7,969
process49,147,8,977
process228,148,4,981
process285,151,7,988
process79,152,1,989
process221,152,4,993
process323,152,5,998
process387,152,8,1006
process551,152,3,1009
process588,152,2,1011
process539,154,4,1015
process426,155,9,1024
process175,157,3,1027
process593,158,6,1033
process107,159,10,1043
process239,159,6,1049
process475,159,4,1053
process148,161,3,1056
process253,161,2,1058
process219,162,9,1067
process594,162,4,1071
process383,163,1,1072
process586,164,9,1081
process566,169,8,1089
process93,170,9,1098
process293,170,9,1107
process461,171,5,1112
process11,172,3,1115
process71,172,3,1118
process104,172,9,1127
process233,172,1,1128
process119,174,5,1133
process226,174,7,1140
process231,177,2,1142
process394,179,4,1146
process501,179,5,1151
process343,180,4,1155
process395,180,7,1162
process124,181,10,1172
process135,181,7,1179
process54,182,2,1181
process61,182,10,1191
process101,182,7,1198
process202,182,9,1207
process487,182,7,1214
process234,183,7,1221
process451,183,5,1226
process31,185,9,1235
process270,185,1,1236
process186,187,3,1239
process109,188,4,1243
process582,188,1,1244
process267,190,10,1254
process206,191,5,1259
process165,194,7,1266
process39,196,7,1273
process410,197,10,1283
process337,198,9,1292
process188,199,7,1299
process190,199,6,1305
process178,200,10,1315
process390,200,7,1322
process278,204,4,1326
process307,204,5,1331
process576,205,10,1341
process496,206,10,1351
process258,208,8,1359
process111,209,3,1362
process179,209,6,1368
process398,215,3,1371
process229,218,2,1373
process252,218,8,1381
process255,218,10,1391
process198,219,10,1401
process7,220,10,1411
process207,220,1,1412
process409,220,3,1415
process388,221,1,1416
process504,223,3,1419
process256,226,9,1428
process9,227,1,1429
process351,227,5,1434
process391,227,5,1439
process397,227,1,1440
process364,228,9,1449
process552,228,7,1456
process86,231,4,1460
process223,231,9,1469
process257,231,6,1475
process319,231,9,1484
process249,232,6,1490
process402,232,5,1495
process489,233,7,1502
process558,233,6,1508
process58,234,4,1512
process167,234,4,1516
process346,234,7,1523
process21,235,10,1533
process225,235,6,1539
process526,237,3,1542
process328,239,7,1549
process335,239,3,1552
process321,240,10,1562
process508,240,4,1566
process384,241,7,1573
process532,244,8,1581
process51,245,5,1586
process361,245,7,1593
process217,247,2,1595
process555,247,8,1603
process276,248,8,1611
process69,249,7,1618
process157,249,7,1625
process3,251,10,1635
process133,253,3,1638
process177,253,10,1648
process412,254,4,1652
process585,255,9,1661
process261,258,10,1671
process279,258,1,1672
process282,259,9,1681
process185,260,10,1691
process197,260,1,1692
process525,260,6,1698
process569,261,5,1703
process144,264,5,1708
process248,264,5,1713
process453,264,10,1723
process429,265,8,1731
process497,265,7,1738
process564,265,10,1748
process112,266,5,1753
process511,267,7,1760
process579,267,8,1768
process358,268,3,1771
process396,269,1,1772
process200,270,6,1778
process211,270,7,1785
process467,270,7,1792
process162,271,6,1798
process315,271,3,1801
process477,273,6,1807
process313,274,9,1816
process557,274,8,1824
process490,275,2,1826
process100,277,7,1833
process136,277,9,1842
process280,277,6,1848
process327,278,2,1850
process439,278,1,1851
process459,278,6,1857
process389,279,6,1863
process85,280,4,1867
process405,281,3,1870
process543,282,10,1880
process227,283,6,1886
process520,283,8,1894
process534,283,6,1900
process205,284,1,1901
process513,284,4,1905
process166,287,4,1909
process378,287,5,1914
process466,288,7,1921
process77,289,7,1928
process116,289,9,1937
process176,289,5,1942
process571,289,6,1948
process546,291,9,1957
process568,291,3,1960
process572,291,4,1964
process161,292,8,1972
process263,292,9,1981
process524,292,4,1985
process479,293,3,1988
process286,294,3,1991
process292,295,8,1999
process422,295,8,2007
process245,296,7,2014
process438,296,8,2022
process43,297,3,2025
process272,297,2,2027
process367,298,4,2031
process154,300,9,2040
process180,300,5,2045
process345,300,8,2053
process88,301,9,2062
process411,302,8,2070
process300,303,2,2072
process399,303,7,2079
process184,304,3,2082
process242,304,1,2083
process50,305,9,2092
process570,305,4,2096
process407,306,8,2104
process465,307,8,2112
process423,310,8,2120
process371,311,1,2121
process324,315,7,2128
process336,316,6,2134
process15,317,4,2138
process348,317,5,2143
process521,317,8,2151
process498,318,8,2159
process506,318,6,2165
process541,318,3,2168
process55,319,9,2177
process333,319,7,2184
process203,321,7,2191
process222,321,3,2194
process372,321,10,2204
process482,324,2,2206
process74,326,2,2208
process195,326,5,2213
process563,326,8,2221
process8,327,6,2227
process312,327,8,2235
process317,327,6,2241
process84,333,2,2243
process468,334,5,2248
process560,334,5,2253
process174,336,2,2255
process260,336,2,2257
process305,336,1,2258
process316,336,7,2265
process344,336,2,2267
process99,337,4,2271
process550,337,1,2272
process592,337,10,2282
process139,338,7,2289
process492,339,7,2296
process528,339,10,2306
process308,340,4,2310
process374,340,5,2315
process130,341,5,2320
process554,346,9,2329
process299,351,9,2338
process146,352,5,2343
process472,352,2,2345
process549,352,8,2353
process597,352,9,2362
process1,353,2,2364
process76,353,6,2370
process125,355,6,2376
process382,355,1,2377
process437,355,2,2379
process445,355,6,2385
process545,355,8,2393
process567,356,9,2402
process250,358,7,2409
process406,358,4,2413
process589,358,6,2419
process87,359,2,2421
process440,359,7,2428
process18,360,2,2430
process271,361,3,2433
process244,363,10,2443
process369,364,1,2444
process536,365,7,2451
process281,366,4,2455
process302,367,6,2461
process237,369,3,2464
process452,369,4,2468
process507,369,10,2478
process232,370,10,2488
process381,370,7,2495
process427,371,9,2504
process14,373,1,2505
process46,373,5,2510
process70,374,1,2511
process578,374,7,2518
process548,375,7,2525
process446,377,10,2535
process509,377,7,2542
process132,378,1,2543
process169,378,4,2547
process331,378,8,2555
process82,379,5,2560
process141,379,7,2567
process338,381,4,2571
process377,381,3,2574
process500,381,9,2583
process516,381,8,2591
process220,382,9,2600
process310,383,7,2607
process309,384,5,2612
process577,385,1,2613
process103,386,4,2617
process306,386,9,2626
process145,387,9,2635
process214,388,8,2643
process400,388,3,2646
process332,389,6,2652
process433,390,3,2655
process414,392,6,2661
process117,393,5,2666
process92,394,10,2676
process329,394,9,2685
process462,395,8,2693
process96,396,6,2699
process236,397,8,2707
process598,397,8,2715
process268,399,9,2724
process456,399,8,2732
process514,399,3,2735
process121,400,2,2737
process318,400,3,2740
process376,400,5,2745
process28,401,5,2750
process36,401,6,2756
process311,401,9,2765
process181,402,3,2768
process0,403,4,2772
process24,403,10,2782
process424,403,6,2788
process40,404,9,2797
process57,405,8,2805
process241,406,4,2809
process224,407,2,2811
process340,407,3,2814
process13,408,8,2822
process64,409,2,2824
process274,409,2,2826
process404,410,9,2835
process172,411,8,2843
process20,413,8,2851
process191,414,2,2853
process590,414,5,2858
process296,415,2,2860
process322,415,3,2863
process464,415,9,2872
process491,416,4,2876
process173,419,7,2883
process474,420,1,2884
process26,423,6,2890
process199,425,10,2900
process463,426,1,2901
process294,427,7,2908
process416,427,3,2911
process512,430,3,2914
process110,431,6,2920
process189,431,7,2927
process365,431,9,2936
process114,432,2,2938
process370,432,6,2944
process518,435,8,2952
process25,436,7,2959
process215,437,2,2961
process499,438,10,2971
process488,439,7,2978
process113,443,4,2982
process98,444,7,2989
process413,444,1,2990
process342,445,5,2995
process2,446,2,2997
process35,446,3,3000
process59,447,7,3007
process97,447,6,3013
process366,448,8,3021
process37,450,5,3026
process78,451,5,3031
process355,451,3,3034
process94,453,10,3044
process22,454,8,3052
process159,454,9,3061
process89,456,4,3065
process535,456,2,3067
process303,457,10,3077
process542,457,6,3083
process444,458,5,3088
process561,458,7,3095
process129,459,3,3098
process155,459,7,3105
process243,460,9,3114
process533,460,8,3122
process562,461,4,3126
process247,463,8,3134
process484,463,5,3139
process325,465,10,3149
process153,466,4,3153
process353,467,6,3159
process149,470,6,3165
process326,473,8,3173
process156,474,6,3179
process196,474,6,3185
process352,474,10,3195
process137,475,2,3197
process246,475,5,3202
process38,476,3,3205
process118,476,10,3215
process208,476,2,3217
process565,476,9,3226
process45,477,5,3231
process212,477,9,3240
process493,477,6,3246
process470,479,9,3255
process574,479,6,3261
process265,480,9,3270
process72,481,3,3273
process235,481,3,3276
process269,481,3,3279
process90,482,5,3284
process349,482,4,3288
process584,482,3,3291
process33,483,4,3295
process591,483,2,3297
process105,484,7,3304
process573,484,10,3314
process415,487,6,3320
process66,488,3,3323
process213,490,4,3327
process418,490,8,3335
process275,491,4,3339
process375,491,7,3346
process430,491,6,3352
process559,491,4,3356
process431,492,6,3362
process143,495,7,3369
process417,495,7,3376
process442,495,10,3386
process60,496,2,3388
process363,496,7,3395
process16,498,6,3401
process5,499,2,3403
process47,500,5,3408