name,arrive_time,execution_time,exit_time
process80,0,2,2
process42,1,2,4
process147,3,8,12
process164,5,8,20
process168,6,7,27
process194,8,8,35
process108,15,7,42
process44,17,2,44
process23,20,8,52
process53,21,1,53
process216,22,3,56
process131,23,4,60
process210,27,5,65
process120,28,3,68
process17,35,2,70
process187,35,3,73
process127,36,8,81
process41,41,9,90
process140,42,4,94
process62,43,9,103
process19,44,2,105
process183,44,1,106
process75,52,9,115
process29,53,9,124
process160,54,4,128
process68,57,5,133
process83,57,10,143
process193,58,1,144
process6,60,2,146
process170,62,6,152
process102,64,5,157
process63,65,3,160
process48,66,2,162
process138,67,3,165
process30,69,6,171
process182,71,2,173
process81,73,9,182
process91,74,8,190
process4,77,5,195
process34,81,5,200
process10,82,10,210
process123,86,8,218
process152,90,6,224
process56,94,6,230
process192,94,9,239
process142,95,3,242
process163,95,2,244
process12,96,2,246
process128,96,7,253
process151,98,7,260
process204,101,5,265
process67,102,9,274
process209,102,5,279
process238,104,9,288
process122,118,2,290
process230,119,1,291
process134,120,8,299
process27,123,2,301
process52,124,8,309
process115,127,7,316
process171,129,1,317
process240,134,4,321
process95,135,7,328
process65,136,7,335
process32,138,3,338
process106,141,6,344
process150,141,4,348
process201,141,6,354
process218,142,1,355
process126,143,5,360
process158,144,5,365
process73,145,7,372
process49,147,8,380
process228,148,4,384
process79,152,1,385
process221,152,4,389
process175,157,3,392
process107,159,10,402
process239,159,6,408
process148,161,3,411
process219,162,9,420
process93,170,9,429
process11,172,3,432
process71,172,3,435
process104,172,9,444
process233,172,1,445
process119,174,5,450
process226,174,7,457
process231,177,2,459
process124,181,10,469
process135,181,7,476
process54,182,2,478
process61,182,10,488
process101,182,7,495
process202,182,9,504
process234,183,7,511
process31,185,9,520
process186,187,3,523
process109,188,4,527
process206,191,5,532
process165,194,7,539
process39,196,7,546
process188,199,7,553
process190,199,6,559
process178,200,10,569
process111,209,3,572
process179,209,6,578
process229,218,2,580
process198,219,10,590
process7,220,10,600
process207,220,1,601
process9,227,1,602
process86,231,4,606
process223,231,9,615
process249,232,6,621
process58,234,4,625
process167,234,4,629
process21,235,10,639
process225,235,6,645
process51,245,5,650
process217,247,2,652
process69,249,7,659
process157,249,7,666
process3,251,10,676
process133,253,3,679
process177,253,10,689
process185,260,10,699
process197,260,1,700
process144,264,5,705
process248,264,5,710
process112,266,5,715
process200,270,6,721
process211,270,7,728
process162,271,6,734
process100,277,7,741
process136,277,9,750
process85,280,4,754
process227,283,6,760
process205,284,1,761
process166,287,4,765
process77,289,7,772
process116,289,9,781
process176,289,5,786
process161,292,8,794
process245,296,7,801
process43,297,3,804
process154,300,9,813
process180,300,5,818
process88,301,9,827
process184,304,3,830
process242,304,1,831
process50,305,9,840
process15,317,4,844
process55,319,9,853
process203,321,7,860
process222,321,3,863
process74,326,2,865
process195,326,5,870
process8,327,6,876
process84,333,2,878
process174,336,2,880
process99,337,4,884
process139,338,7,891
process130,341,5,896
process146,352,5,901
process1,353,2,903
process76,353,6,909
process125,355,6,915
process87,359,2,917
process18,360,2,919
process244,363,10,929
process237,369,3,932
process232,370,10,942
process14,373,1,943
process46,373,5,948
process70,374,1,949
process132,378,1,950
process169,378,4,954
process82,379,5,959
process141,379,7,966
process220,382,9,975
process103,386,4,979
process145,387,9,988
process214,388,8,996
process117,393,5,1001
process92,394,10,1011
process96,396,6,1017
process236,397,8,1025
process121,400,2,1027
process28,401,5,1032
process36,401,6,1038
process181,402,3,1041
process0,403,4,1045
process24,403,10,1055
process40,404,9,1064
process57,405,8,1072
process241,406,4,1076
process224,407,2,1078
process13,408,8,1086
process64,409,2,1088
process172,411,8,1096
process20,413,8,1104
process191,414,2,1106
process173,419,7,1113
process26,423,6,1119
process199,425,10,1129
process110,431,6,1135
process189,431,7,1142
process114,432,2,1144
process25,436,7,1151
process215,437,2,1153
process113,443,4,1157
process98,444,7,1164
process2,446,2,1166
process35,446,3,1169
process59,447,7,1176
process97,447,6,1182
process37,450,5,1187
process78,451,5,1192
process94,453,10,1202
process22,454,8,1210
process159,454,9,1219
process89,456,4,1223
process129,459,3,1226
process155,459,7,1233
process243,460,9,1242
process247,463,8,1250
process153,466,4,1254
process149,470,6,1260
process156,474,6,1266
process196,474,6,1272
process137,475,2,1274
process246,475,5,1279
process38,476,3,1282
process118,476,10,1292
process208,476,2,1294
process45,477,5,1299
process212,477,9,1308
process72,481,3,1311
process235,481,3,1314
process90,482,5,1319
process33,483,4,1323
process105,484,7,1330
process66,488,3,1333
process213,490,4,1337
process143,495,7,1344
process60,496,2,1346
process16,498,6,1352
process5,499,2,1354
process47,500,5,1359