name,arrive_time,execution_time,exit_time
process80,0,2,2
process421,0,8,10
process42,1,2,12
process147,3,8,20
process620,3,6,26
process458,4,1,27
process164,5,8,35
process168,6,7,42
process455,6,9,51
process636,6,5,56
process194,8,8,64
process604,8,9,73
process392,10,7,80
process494,11,7,87
process519,11,9,96
process662,12,6,102
process625,14,5,107
process108,15,7,114
process354,15,6,120
process44,17,2,122
process408,17,5,127
process428,17,8,135
process283,18,8,143
process448,19,1,144
process503,19,1,145
process694,19,1,146
process23,20,8,154
process53,21,1,155
process443,21,5,160
process683,21,2,162
process216,22,3,165
process610,22,1,166
process681,22,5,171
process131,23,4,175
process581,23,7,182
process288,24,6,188
process454,26,3,191
process480,26,2,193
process210,27,5,198
process485,27,8,206
process120,28,3,209
process251,28,10,219
process330,28,4,223
process647,28,1,224
process547,31,2,226
process670,31,2,228
process420,32,3,231
process379,34,6,237
process553,34,6,243
process650,34,6,249
process17,35,2,251
process187,35,3,254
process127,36,8,262
process600,36,7,269
process510,38,4,273
process502,39,4,277
process527,39,4,281
process505,40,8,289
process41,41,9,298
process290,41,7,305
process140,42,4,309
process481,42,3,312
process62,43,9,321
process603,43,4,325
process19,44,2,327
process183,44,1,328
process259,44,3,331
process301,45,6,337
process531,45,7,344
process298,46,5,349
process471,47,5,354
process356,49,8,362
process393,49,10,372
process628,49,5,377
process661,49,1,378
process522,50,2,380
process75,52,9,389
process29,53,9,398
process575,53,4,402
process160,54,4,406
process254,54,5,411
process447,55,7,418
process664,56,3,421
process68,57,5,426
process83,57,10,436
process193,58,1,437
process277,58,7,444
process401,58,4,448
process530,58,9,457
process6,60,2,459
process262,61,10,469
process596,61,9,478
process611,61,7,485
process170,62,6,491
process691,62,7,498
process538,63,8,506
process556,63,8,514
process102,64,5,519
process495,64,1,520
process63,65,3,523
process48,66,2,525
process403,66,10,535
process476,66,3,538
process517,66,1,539
process138,67,3,542
process587,67,3,545
process599,67,3,548
process30,69,6,554
process182,71,2,556
process334,71,6,562
process523,71,8,570
process449,72,9,579
process81,73,9,588
process91,74,8,596
process617,74,6,602
process654,74,6,608
process657,75,5,613
process4,77,5,618
process612,79,2,620
process34,81,5,625
process515,81,4,629
process10,82,10,639
process339,82,5,644
process653,82,7,651
process436,84,10,661
process616,84,7,668
process123,86,8,676
process320,86,3,679
process373,89,2,681
process583,89,6,687
process152,90,6,693
process284,90,2,695
process357,90,9,704
process385,91,8,712
process580,91,9,721
process368,92,10,731
process450,92,7,738
process350,93,9,747
process432,93,4,751
process56,94,6,757
process192,94,9,766
process347,94,8,774
process435,94,3,777
process142,95,3,780
process163,95,2,782
process12,96,2,784
process128,96,7,791
process633,97,10,801
process151,98,7,808
process295,99,8,816
process264,100,10,826
process473,100,1,827
process204,101,5,832
process291,101,4,836
process67,102,9,845
process209,102,5,850
process266,103,6,856
process297,103,6,862
process238,104,9,871
process529,104,9,880
process441,105,6,886
process537,105,9,895
process287,106,1,896
process380,108,10,906
process434,110,10,916
process689,113,9,925
process595,116,6,931
process122,118,2,933
process362,118,2,935
process419,118,3,938
process230,119,1,939
process457,119,6,945
process134,120,8,953
process685,122,4,957
process27,123,2,959
process273,123,7,966
process52,124,8,974
process486,124,7,981
process115,127,7,988
process460,127,7,995
process601,127,3,998
process341,128,5,1003
process425,128,1,1004
process171,129,1,1005
process692,129,5,1010
process304,132,5,1015
process359,133,5,1020
process240,134,4,1024
process314,134,7,1031
process621,134,8,1039
process95,135,7,1046
process386,135,2,1048
process65,136,7,1055
process289,136,3,1058
process483,136,5,1063
process680,136,6,1069
process544,137,2,1071
process32,138,3,1074
process469,139,3,1077
process106,141,6,1083
process150,141,4,1087
process201,141,6,1093
process540,141,5,1098
process667,141,5,1103
process218,142,1,1104
process126,143,5,1109
process360,143,8,1117
process158,144,5,1122
process478,144,6,1128
process73,145,7,1135
process49,147,8,1143
process228,148,4,1147
process285,151,7,1154
process79,152,1,1155
process221,152,4,1159
process323,152,5,1164
process387,152,8,1172
process551,152,3,1175
process588,152,2,1177
process539,154,4,1181
process426,155,9,1190
process665,155,5,1195
process693,155,9,1204
process175,157,3,1207
process593,158,6,1213
process107,159,10,1223
process239,159,6,1229
process475,159,4,1233
process639,159,3,1236
process677,159,10,1246
process148,161,3,1249
process253,161,2,1251
process219,162,9,1260
process594,162,4,1264
process383,163,1,1265
process586,164,9,1274
process635,164,1,1275
process671,164,1,1276
process566,169,8,1284
process93,170,9,1293
process293,170,9,1302
process461,171,5,1307
process11,172,3,1310
process71,172,3,1313
process104,172,9,1322
process233,172,1,1323
process668,173,2,1325
process119,174,5,1330
process226,174,7,1337
process618,175,2,1339
process231,177,2,1341
process394,179,4,1345
process501,179,5,1350
process343,180,4,1354
process395,180,7,1361
process124,181,10,1371
process135,181,7,1378
process54,182,2,1380
process61,182,10,1390
process101,182,7,1397
process202,182,9,1406
process487,182,7,1413
process234,183,7,1420
process451,183,5,1425
process666,184,3,1428
process31,185,9,1437
process270,185,1,1438
process186,187,3,1441
process663,187,7,1448
process109,188,4,1452
process582,188,1,1453
process675,189,9,1462
process267,190,10,1472
process206,191,5,1477
process624,191,1,1478
process165,194,7,1485
process39,196,7,1492
process410,197,10,1502
process679,197,7,1509
process337,198,9,1518
process188,199,7,1525
process190,199,6,1531
process178,200,10,1541
process390,200,7,1548
process602,201,2,1550
process278,204,4,1554
process307,204,5,1559
process576,205,10,1569
process496,206,10,1579
process659,207,6,1585
process258,208,8,1593
process111,209,3,1596
process179,209,6,1602
process607,213,9,1611
process398,215,3,1614
process229,218,2,1616
process252,218,8,1624
process255,218,10,1634
process198,219,10,1644
process7,220,10,1654
process207,220,1,1655
process409,220,3,1658
process388,221,1,1659
process669,221,1,1660
process504,223,3,1663
process623,223,4,1667
process256,226,9,1676
process9,227,1,1677
process351,227,5,1682
process391,227,5,1687
process397,227,1,1688
process364,228,9,1697
process552,228,7,1704
process697,229,4,1708
process86,231,4,1712
process223,231,9,1721
process257,231,6,1727
process319,231,9,1736
process249,232,6,1742
process402,232,5,1747
process489,233,7,1754
process558,233,6,1760
process58,234,4,1764
process167,234,4,1768
process346,234,7,1775
process21,235,10,1785
process225,235,6,1791
process526,237,3,1794
process328,239,7,1801
process335,239,3,1804
process321,240,10,1814
process508,240,4,1818
process384,241,7,1825
process532,244,8,1833
process51,245,5,1838
process361,245,7,1845
process217,247,2,1847
process555,247,8,1855
process276,248,8,1863
process69,249,7,1870
process157,249,7,1877
process678,249,1,1878
process3,251,10,1888
process632,252,5,1893
process133,253,3,1896
process177,253,10,1906
process412,254,4,1910
process585,255,9,1919
process261,258,10,1929
process279,258,1,1930
process282,259,9,1939
process185,260,10,1949
process197,260,1,1950
process525,260,6,1956
process569,261,5,1961
process144,264,5,1966
process248,264,5,1971
process453,264,10,1981
process429,265,8,1989
process497,265,7,1996
process564,265,10,2006
process658,265,9,2015
process112,266,5,2020
process511,267,7,2027
process579,267,8,2035
process358,268,3,2038
process396,269,1,2039
process200,270,6,2045
process211,270,7,2052
process467,270,7,2059
process162,271,6,2065
process315,271,3,2068
process477,273,6,2074
process313,274,9,2083
process557,274,8,2091
process638,274,3,2094
process690,274,8,2102
process490,275,2,2104
process100,277,7,2111
process136,277,9,2120
process280,277,6,2126
process606,277,1,2127
process327,278,2,2129
process439,278,1,2130
process459,278,6,2136
process389,279,6,2142
process85,280,4,2146
process648,280,6,2152
process405,281,3,2155
process543,282,10,2165
process227,283,6,2171
process520,283,8,2179
process534,283,6,2185
process205,284,1,2186
process513,284,4,2190
process672,286,10,2200
process166,287,4,2204
process378,287,5,2209
process645,287,5,2214
process466,288,7,2221
process655,288,10,2231
process77,289,7,2238
process116,289,9,2247
process176,289,5,2252
process571,289,6,2258
process546,291,9,2267
process568,291,3,2270
process572,291,4,2274
process161,292,8,2282
process263,292,9,2291
process524,292,4,2295
process479,293,3,2298
process286,294,3,2301
process292,295,8,2309
process422,295,8,2317
process687,295,4,2321
process245,296,7,2328
process438,296,8,2336
process43,297,3,2339
process272,297,2,2341
process367,298,4,2345
process682,298,3,2348
process154,300,9,2357
process180,300,5,2362
process345,300,8,2370
process88,301,9,2379
process411,302,8,2387
process300,303,2,2389
process399,303,7,2396
process184,304,3,2399
process242,304,1,2400
process626,304,5,2405
process50,305,9,2414
process570,305,4,2418
process407,306,8,2426
process465,307,8,2434
process423,310,8,2442
process371,311,1,2443
process324,315,7,2450
process336,316,6,2456
process615,316,4,2460
process15,317,4,2464
process348,317,5,2469
process521,317,8,2477
process498,318,8,2485
process506,318,6,2491
process541,318,3,2494
process55,319,9,2503
process333,319,7,2510
process203,321,7,2517
process222,321,3,2520
process372,321,10,2530
process482,324,2,2532
process74,326,2,2534
process195,326,5,2539
process563,326,8,2547
process696,326,8,2555
process8,327,6,2561
process312,327,8,2569
process317,327,6,2575
process84,333,2,2577
process468,334,5,2582
process560,334,5,2587
process174,336,2,2589
process260,336,2,2591
process305,336,1,2592
process316,336,7,2599
process344,336,2,2601
process99,337,4,2605
process550,337,1,2606
process592,337,10,2616
process139,338,7,2623
process613,338,3,2626
process492,339,7,2633
process528,339,10,2643
process308,340,4,2647
process374,340,5,2652
process130,341,5,2657
process608,343,7,2664
process640,344,6,2670
process554,346,9,2679
process299,351,9,2688
process146,352,5,2693
process472,352,2,2695
process549,352,8,2703
process597,352,9,2712
process1,353,2,2714
process76,353,6,2720
process125,355,6,2726
process382,355,1,2727
process437,355,2,2729
process445,355,6,2735
process545,355,8,2743
process567,356,9,2752
process698,356,3,2755
process250,358,7,2762
process406,358,4,2766
process589,358,6,2772
process87,359,2,2774
process440,359,7,2781
process18,360,2,2783
process271,361,3,2786
process630,362,10,2796
process244,363,10,2806
process369,364,1,2807
process536,365,7,2814
process281,366,4,2818
process302,367,6,2824
process237,369,3,2827
process452,369,4,2831
process507,369,10,2841
process232,370,10,2851
process381,370,7,2858
process686,370,8,2866
process427,371,9,2875
process14,373,1,2876
process46,373,5,2881
process70,374,1,2882
process578,374,7,2889
process548,375,7,2896
process446,377,10,2906
process509,377,7,2913
process132,378,1,2914
process169,378,4,2918
process331,378,8,2926
process82,379,5,2931
process141,379,7,2938
process338,381,4,2942
process377,381,3,2945
process500,381,9,2954
process516,381,8,2962
process220,382,9,2971
process310,383,7,2978
process309,384,5,2983
process577,385,1,2984
process103,386,4,2988
process306,386,9,2997
process145,387,9,3006
process214,388,8,3014
process400,388,3,3017
process332,389,6,3023
process433,390,3,3026
process414,392,6,3032
process117,393,5,3037
process688,393,10,3047
process92,394,10,3057
process329,394,9,3066
process462,395,8,3074
process643,395,2,3076
process96,396,6,3082
process236,397,8,3090
process598,397,8,3098
process268,399,9,3107
process456,399,8,3115
process514,399,3,3118
process121,400,2,3120
process318,400,3,3123
process376,400,5,3128
process605,400,6,3134
process28,401,5,3139
process36,401,6,3145
process311,401,9,3154
process181,402,3,3157
process0,403,4,3161
process24,403,10,3171
process424,403,6,3177
process40,404,9,3186
process57,405,8,3194
process241,406,4,3198
process224,407,2,3200
process340,407,3,3203
process13,408,8,3211
process64,409,2,3213
process274,409,2,3215
process404,410,9,3224
process644,410,8,3232
process172,411,8,3240
process20,413,8,3248
process191,414,2,3250
process590,414,5,3255
process296,415,2,3257
process322,415,3,3260
process464,415,9,3269
process646,415,2,3271
process491,416,4,3275
process173,419,7,3282
process474,420,1,3283
process26,423,6,3289
process199,425,10,3299
process463,426,1,3300
process294,427,7,3307
process416,427,3,3310
process512,430,3,3313
process110,431,6,3319
process189,431,7,3326
process365,431,9,3335
process642,431,3,3338
process114,432,2,3340
process370,432,6,3346
process684,432,4,3350
process637,434,6,3356
process518,435,8,3364
process25,436,7,3371
process215,437,2,3373
process499,438,10,3383
process614,438,10,3393
process488,439,7,3400
process113,443,4,3404
process98,444,7,3411
process413,444,1,3412
process342,445,5,3417
process2,446,2,3419
process35,446,3,3422
process695,446,4,3426
process59,447,7,3433
process97,447,6,3439
process366,448,8,3447
process673,448,3,3450
process37,450,5,3455
process78,451,5,3460
process355,451,3,3463
process627,451,8,3471
process94,453,10,3481
process22,454,8,3489
process159,454,9,3498
process651,454,7,3505
process89,456,4,3509
process535,456,2,3511
process629,456,7,3518
process303,457,10,3528
process542,457,6,3534
process444,458,5,3539
process561,458,7,3546
process129,459,3,3549
process155,459,7,3556
process622,459,5,3561
process243,460,9,3570
process533,460,8,3578
process562,461,4,3582
process631,461,5,3587
process660,462,7,3594
process247,463,8,3602
process484,463,5,3607
process325,465,10,3617
process153,466,4,3621
process619,466,7,3628
process676,466,4,3632
process353,467,6,3638
process149,470,6,3644
process652,470,1,3645
process699,470,10,3655
process656,472,7,3662
process326,473,8,3670
process156,474,6,3676
process196,474,6,3682
process352,474,10,3692
process137,475,2,3694
process246,475,5,3699
process38,476,3,3702
process118,476,10,3712
process208,476,2,3714
process565,476,9,3723
process45,477,5,3728
process212,477,9,3737
process493,477,6,3743
process649,477,5,3748
process470,479,9,3757
process574,479,6,3763
process265,480,9,3772
process72,481,3,3775
process235,481,3,3778
process269,481,3,3781
process90,482,5,3786
process349,482,4,3790
process584,482,3,3793
process33,483,4,3797
process591,483,2,3799
process105,484,7,3806
process573,484,10,3816
process674,485,9,3825
process415,487,6,3831
process66,488,3,3834
process634,488,9,3843
process641,489,8,3851
process213,490,4,3855
process418,490,8,3863
process275,491,4,3867
process375,491,7,3874
process430,491,6,3880
process559,491,4,3884
process609,491,8,3892
process431,492,6,3898
process143,495,7,3905
process417,495,7,3912
process442,495,10,3922
process60,496,2,3924
process363,496,7,3931
process16,498,6,3937
process5,499,2,3939
process47,500,5,3944