name,arrive_time,execution_time,exit_time
process80,0,2,2
process42,1,2,4
process147,3,8,12
process164,5,8,20
process168,6,7,27
process194,8,8,35
process108,15,7,42
process44,17,2,44
process23,20,8,52
process53,21,1,53
process131,23,4,57
process120,28,3,60
process17,35,2,62
process187,35,3,65
process127,36,8,73
process41,41,9,82
process140,42,4,86
process62,43,9,95
process19,44,2,97
process183,44,1,98
process75,52,9,107
process29,53,9,116
process160,54,4,120
process68,57,5,125
process83,57,10,135
process193,58,1,136
process6,60,2,138
process170,62,6,144
process102,64,5,149
process63,65,3,152
process48,66,2,154
process138,67,3,157
process30,69,6,163
process182,71,2,165
process81,73,9,174
process91,74,8,182
process4,77,5,187
process34,81,5,192
process10,82,10,202
process123,86,8,210
process152,90,6,216
process56,94,6,222
process192,94,9,231
process142,95,3,234
process163,95,2,236
process12,96,2,238
process128,96,7,245
process151,98,7,252
process67,102,9,261
process122,118,2,263
process134,120,8,271
process27,123,2,273
process52,124,8,281
process115,127,7,288
process171,129,1,289
process95,135,7,296
process65,136,7,303
process32,138,3,306
process106,141,6,312
process150,141,4,316
process126,143,5,321
process158,144,5,326
process73,145,7,333
process49,147,8,341
process79,152,1,342
process175,157,3,345
process107,159,10,355
process148,161,3,358
process93,170,9,367
process11,172,3,370
process71,172,3,373
process104,172,9,382
process119,174,5,387
process124,181,10,397
process135,181,7,404
process54,182,2,406
process61,182,10,416
process101,182,7,423
process31,185,9,432
process186,187,3,435
process109,188,4,439
process165,194,7,446
process39,196,7,453
process188,199,7,460
process190,199,6,466
process178,200,10,476
process111,209,3,479
process179,209,6,485
process198,219,10,495
process7,220,10,505
process9,227,1,506
process86,231,4,510
process58,234,4,514
process167,234,4,518
process21,235,10,528
process51,245,5,533
process69,249,7,540
process157,249,7,547
process3,251,10,557
process133,253,3,560
process177,253,10,570
process185,260,10,580
process197,260,1,581
process144,264,5,586
process112,266,5,591
process162,271,6,597
process100,277,7,604
process136,277,9,613
process85,280,4,617
process166,287,4,621
process77,289,7,628
process116,289,9,637
process176,289,5,642
process161,292,8,650
process43,297,3,653
process154,300,9,662
process180,300,5,667
process88,301,9,676
process184,304,3,679
process50,305,9,688
process15,317,4,692
process55,319,9,701
process74,326,2,703
process195,326,5,708
process8,327,6,714
process84,333,2,716
process174,336,2,718
process99,337,4,722
process139,338,7,729
process130,341,5,734
process146,352,5,739
process1,353,2,741
process76,353,6,747
process125,355,6,753
process87,359,2,755
process18,360,2,757
process14,373,1,758
process46,373,5,763
process70,374,1,764
process132,378,1,765
process169,378,4,769
process82,379,5,774
process141,379,7,781
process103,386,4,785
process145,387,9,794
process117,393,5,799
process92,394,10,809
process96,396,6,815
process121,400,2,817
process28,401,5,822
process36,401,6,828
process181,402,3,831
process0,403,4,835
process24,403,10,845
process40,404,9,854
process57,405,8,862
process13,408,8,870
process64,409,2,872
process172,411,8,880
process20,413,8,888
process191,414,2,890
process173,419,7,897
process26,423,6,903
process199,425,10,913
process110,431,6,919
process189,431,7,926
process114,432,2,928
process25,436,7,935
process113,443,4,939
process98,444,7,946
process2,446,2,948
process35,446,3,951
process59,447,7,958
process97,447,6,964
process37,450,5,969
process78,451,5,974
process94,453,10,984
process22,454,8,992
process159,454,9,1001
process89,456,4,1005
process129,459,3,1008
process155,459,7,1015
process153,466,4,1019
process149,470,6,1025
process156,474,6,1031
process196,474,6,1037
process137,475,2,1039
process38,476,3,1042
process118,476,10,1052
process45,477,5,1057
process72,481,3,1060
process90,482,5,1065
process33,483,4,1069
process105,484,7,1076
process66,488,3,1079
process143,495,7,1086
process60,496,2,1088
process16,498,6,1094
process5,499,2,1096
process47,500,5,1101