name,arrive_time,execution_time,exit_time
process80,0,2,2
process42,1,2,4
process147,3,8,12
process164,5,8,20
process168,6,7,27
process194,8,8,35
process108,15,7,42
process44,17,2,44
process283,18,8,52
process23,20,8,60
process53,21,1,61
process216,22,3,64
process131,23,4,68
process288,24,6,74
process210,27,5,79
process120,28,3,82
process251,28,10,92
process17,35,2,94
process187,35,3,97
process127,36,8,105
process41,41,9,114
process290,41,7,121
process140,42,4,125
process62,43,9,134
process19,44,2,136
process183,44,1,137
process259,44,3,140
process298,46,5,145
process75,52,9,154
process29,53,9,163
process160,54,4,167
process254,54,5,172
process68,57,5,177
process83,57,10,187
process193,58,1,188
process277,58,7,195
process6,60,2,197
process262,61,10,207
process170,62,6,213
process102,64,5,218
process63,65,3,221
process48,66,2,223
process138,67,3,226
process30,69,6,232
process182,71,2,234
process81,73,9,243
process91,74,8,251
process4,77,5,256
process34,81,5,261
process10,82,10,271
process123,86,8,279
process152,90,6,285
process284,90,2,287
process56,94,6,293
process192,94,9,302
process142,95,3,305
process163,95,2,307
process12,96,2,309
process128,96,7,316
process151,98,7,323
process295,99,8,331
process264,100,10,341
process204,101,5,346
process291,101,4,350
process67,102,9,359
process209,102,5,364
process266,103,6,370
process297,103,6,376
process238,104,9,385
process287,106,1,386
process122,118,2,388
process230,119,1,389
process134,120,8,397
process27,123,2,399
process273,123,7,406
process52,124,8,414
process115,127,7,421
process171,129,1,422
process240,134,4,426
process95,135,7,433
process65,136,7,440
process289,136,3,443
process32,138,3,446
process106,141,6,452
process150,141,4,456
process201,141,6,462
process218,142,1,463
process126,143,5,468
process158,144,5,473
process73,145,7,480
process49,147,8,488
process228,148,4,492
process285,151,7,499
process79,152,1,500
process221,152,4,504
process175,157,3,507
process107,159,10,517
process239,159,6,523
process148,161,3,526
process253,161,2,528
process219,162,9,537
process93,170,9,546
process293,170,9,555
process11,172,3,558
process71,172,3,561
process104,172,9,570
process233,172,1,571
process119,174,5,576
process226,174,7,583
process231,177,2,585
process124,181,10,595
process135,181,7,602
process54,182,2,604
process61,182,10,614
process101,182,7,621
process202,182,9,630
process234,183,7,637
process31,185,9,646
process270,185,1,647
process186,187,3,650
process109,188,4,654
process267,190,10,664
process206,191,5,669
process165,194,7,676
process39,196,7,683
process188,199,7,690
process190,199,6,696
process178,200,10,706
process278,204,4,710
process258,208,8,718
process111,209,3,721
process179,209,6,727
process229,218,2,729
process252,218,8,737
process255,218,10,747
process198,219,10,757
process7,220,10,767
process207,220,1,768
process256,226,9,777
process9,227,1,778
process86,231,4,782
process223,231,9,791
process257,231,6,797
process249,232,6,803
process58,234,4,807
process167,234,4,811
process21,235,10,821
process225,235,6,827
process51,245,5,832
process217,247,2,834
process276,248,8,842
process69,249,7,849
process157,249,7,856
process3,251,10,866
process133,253,3,869
process177,253,10,879
process261,258,10,889
process279,258,1,890
process282,259,9,899
process185,260,10,909
process197,260,1,910
process144,264,5,915
process248,264,5,920
process112,266,5,925
process200,270,6,931
process211,270,7,938
process162,271,6,944
process100,277,7,951
process136,277,9,960
process280,277,6,966
process85,280,4,970
process227,283,6,976
process205,284,1,977
process166,287,4,981
process77,289,7,988
process116,289,9,997
process176,289,5,1002
process161,292,8,1010
process263,292,9,1019
process286,294,3,1022
process292,295,8,1030
process245,296,7,1037
process43,297,3,1040
process272,297,2,1042
process154,300,9,1051
process180,300,5,1056
process88,301,9,1065
process184,304,3,1068
process242,304,1,1069
process50,305,9,1078
process15,317,4,1082
process55,319,9,1091
process203,321,7,1098
process222,321,3,1101
process74,326,2,1103
process195,326,5,1108
process8,327,6,1114
process84,333,2,1116
process174,336,2,1118
process260,336,2,1120
process99,337,4,1124
process139,338,7,1131
process130,341,5,1136
process299,351,9,1145
process146,352,5,1150
process1,353,2,1152
process76,353,6,1158
process125,355,6,1164
process250,358,7,1171
process87,359,2,1173
process18,360,2,1175
process271,361,3,1178
process244,363,10,1188
process281,366,4,1192
process237,369,3,1195
process232,370,10,1205
process14,373,1,1206
process46,373,5,1211
process70,374,1,1212
process132,378,1,1213
process169,378,4,1217
process82,379,5,1222
process141,379,7,1229
process220,382,9,1238
process103,386,4,1242
process145,387,9,1251
process214,388,8,1259
process117,393,5,1264
process92,394,10,1274
process96,396,6,1280
process236,397,8,1288
process268,399,9,1297
process121,400,2,1299
process28,401,5,1304
process36,401,6,1310
process181,402,3,1313
process0,403,4,1317
process24,403,10,1327
process40,404,9,1336
process57,405,8,1344
process241,406,4,1348
process224,407,2,1350
process13,408,8,1358
process64,409,2,1360
process274,409,2,1362
process172,411,8,1370
process20,413,8,1378
process191,414,2,1380
process296,415,2,1382
process173,419,7,1389
process26,423,6,1395
process199,425,10,1405
process294,427,7,1412
process110,431,6,1418
process189,431,7,1425
process114,432,2,1427
process25,436,7,1434
process215,437,2,1436
process113,443,4,1440
process98,444,7,1447
process2,446,2,1449
process35,446,3,1452
process59,447,7,1459
process97,447,6,1465
process37,450,5,1470
process78,451,5,1475
process94,453,10,1485
process22,454,8,1493
process159,454,9,1502
process89,456,4,1506
process129,459,3,1509
process155,459,7,1516
process243,460,9,1525
process247,463,8,1533
process153,466,4,1537
process149,470,6,1543
process156,474,6,1549
process196,474,6,1555
process137,475,2,1557
process246,475,5,1562
process38,476,3,1565
process118,476,10,1575
process208,476,2,1577
process45,477,5,1582
process212,477,9,1591
process265,480,9,1600
process72,481,3,1603
process235,481,3,1606
process269,481,3,1609
process90,482,5,1614
process33,483,4,1618
process105,484,7,1625
process66,488,3,1628
process213,490,4,1632
process275,491,4,1636
process143,495,7,1643
process60,496,2,1645
process16,498,6,1651
process5,499,2,1653
process47,500,5,1658