name,arrive_time,execution_time,exit_time
process80,0,2,2
process42,1,2,4
process147,3,8,12
process164,5,8,20
process168,6,7,27
process194,8,8,35
process392,10,7,42
process108,15,7,49
process354,15,6,55
process44,17,2,57
process283,18,8,65
process23,20,8,73
process53,21,1,74
process216,22,3,77
process131,23,4,81
process288,24,6,87
process210,27,5,92
process120,28,3,95
process251,28,10,105
process330,28,4,109
process379,34,6,115
process17,35,2,117
process187,35,3,120
process127,36,8,128
process41,41,9,137
process290,41,7,144
process140,42,4,148
process62,43,9,157
process19,44,2,159
process183,44,1,160
process259,44,3,163
process301,45,6,169
process298,46,5,174
process356,49,8,182
process393,49,10,192
process75,52,9,201
process29,53,9,210
process160,54,4,214
process254,54,5,219
process68,57,5,224
process83,57,10,234
process193,58,1,235
process277,58,7,242
process6,60,2,244
process262,61,10,254
process170,62,6,260
process102,64,5,265
process63,65,3,268
process48,66,2,270
process138,67,3,273
process30,69,6,279
process182,71,2,281
process334,71,6,287
process81,73,9,296
process91,74,8,304
process4,77,5,309
process34,81,5,314
process10,82,10,324
process339,82,5,329
process123,86,8,337
process320,86,3,340
process373,89,2,342
process152,90,6,348
process284,90,2,350
process357,90,9,359
process385,91,8,367
process368,92,10,377
process350,93,9,386
process56,94,6,392
process192,94,9,401
process347,94,8,409
process142,95,3,412
process163,95,2,414
process12,96,2,416
process128,96,7,423
process151,98,7,430
process295,99,8,438
process264,100,10,448
process204,101,5,453
process291,101,4,457
process67,102,9,466
process209,102,5,471
process266,103,6,477
process297,103,6,483
process238,104,9,492
process287,106,1,493
process380,108,10,503
process122,118,2,505
process362,118,2,507
process230,119,1,508
process134,120,8,516
process27,123,2,518
process273,123,7,525
process52,124,8,533
process115,127,7,540
process341,128,5,545
process171,129,1,546
process304,132,5,551
process359,133,5,556
process240,134,4,560
process314,134,7,567
process95,135,7,574
process386,135,2,576
process65,136,7,583
process289,136,3,586
process32,138,3,589
process106,141,6,595
process150,141,4,599
process201,141,6,605
process218,142,1,606
process126,143,5,611
process360,143,8,619
process158,144,5,624
process73,145,7,631
process49,147,8,639
process228,148,4,643
process285,151,7,650
process79,152,1,651
process221,152,4,655
process323,152,5,660
process387,152,8,668
process175,157,3,671
process107,159,10,681
process239,159,6,687
process148,161,3,690
process253,161,2,692
process219,162,9,701
process383,163,1,702
process93,170,9,711
process293,170,9,720
process11,172,3,723
process71,172,3,726
process104,172,9,735
process233,172,1,736
process119,174,5,741
process226,174,7,748
process231,177,2,750
process394,179,4,754
process343,180,4,758
process395,180,7,765
process124,181,10,775
process135,181,7,782
process54,182,2,784
process61,182,10,794
process101,182,7,801
process202,182,9,810
process234,183,7,817
process31,185,9,826
process270,185,1,827
process186,187,3,830
process109,188,4,834
process267,190,10,844
process206,191,5,849
process165,194,7,856
process39,196,7,863
process337,198,9,872
process188,199,7,879
process190,199,6,885
process178,200,10,895
process390,200,7,902
process278,204,4,906
process307,204,5,911
process258,208,8,919
process111,209,3,922
process179,209,6,928
process398,215,3,931
process229,218,2,933
process252,218,8,941
process255,218,10,951
process198,219,10,961
process7,220,10,971
process207,220,1,972
process388,221,1,973
process256,226,9,982
process9,227,1,983
process351,227,5,988
process391,227,5,993
process397,227,1,994
process364,228,9,1003
process86,231,4,1007
process223,231,9,1016
process257,231,6,1022
process319,231,9,1031
process249,232,6,1037
process58,234,4,1041
process167,234,4,1045
process346,234,7,1052
process21,235,10,1062
process225,235,6,1068
process328,239,7,1075
process335,239,3,1078
process321,240,10,1088
process384,241,7,1095
process51,245,5,1100
process361,245,7,1107
process217,247,2,1109
process276,248,8,1117
process69,249,7,1124
process157,249,7,1131
process3,251,10,1141
process133,253,3,1144
process177,253,10,1154
process261,258,10,1164
process279,258,1,1165
process282,259,9,1174
process185,260,10,1184
process197,260,1,1185
process144,264,5,1190
process248,264,5,1195
process112,266,5,1200
process358,268,3,1203
process396,269,1,1204
process200,270,6,1210
process211,270,7,1217
process162,271,6,1223
process315,271,3,1226
process313,274,9,1235
process100,277,7,1242
process136,277,9,1251
process280,277,6,1257
process327,278,2,1259
process389,279,6,1265
process85,280,4,1269
process227,283,6,1275
process205,284,1,1276
process166,287,4,1280
process378,287,5,1285
process77,289,7,1292
process116,289,9,1301
process176,289,5,1306
process161,292,8,1314
process263,292,9,1323
process286,294,3,1326
process292,295,8,1334
process245,296,7,1341
process43,297,3,1344
process272,297,2,1346
process367,298,4,1350
process154,300,9,1359
process180,300,5,1364
process345,300,8,1372
process88,301,9,1381
process300,303,2,1383
process399,303,7,1390
process184,304,3,1393
process242,304,1,1394
process50,305,9,1403
process371,311,1,1404
process324,315,7,1411
process336,316,6,1417
process15,317,4,1421
process348,317,5,1426
process55,319,9,1435
process333,319,7,1442
process203,321,7,1449
process222,321,3,1452
process372,321,10,1462
process74,326,2,1464
process195,326,5,1469
process8,327,6,1475
process312,327,8,1483
process317,327,6,1489
process84,333,2,1491
process174,336,2,1493
process260,336,2,1495
process305,336,1,1496
process316,336,7,1503
process344,336,2,1505
process99,337,4,1509
process139,338,7,1516
process308,340,4,1520
process374,340,5,1525
process130,341,5,1530
process299,351,9,1539
process146,352,5,1544
process1,353,2,1546
process76,353,6,1552
process125,355,6,1558
process382,355,1,1559
process250,358,7,1566
process87,359,2,1568
process18,360,2,1570
process271,361,3,1573
process244,363,10,1583
process369,364,1,1584
process281,366,4,1588
process302,367,6,1594
process237,369,3,1597
process232,370,10,1607
process381,370,7,1614
process14,373,1,1615
process46,373,5,1620
process70,374,1,1621
process132,378,1,1622
process169,378,4,1626
process331,378,8,1634
process82,379,5,1639
process141,379,7,1646
process338,381,4,1650
process377,381,3,1653
process220,382,9,1662
process310,383,7,1669
process309,384,5,1674
process103,386,4,1678
process306,386,9,1687
process145,387,9,1696
process214,388,8,1704
process332,389,6,1710
process117,393,5,1715
process92,394,10,1725
process329,394,9,1734
process96,396,6,1740
process236,397,8,1748
process268,399,9,1757
process121,400,2,1759
process318,400,3,1762
process376,400,5,1767
process28,401,5,1772
process36,401,6,1778
process311,401,9,1787
process181,402,3,1790
process0,403,4,1794
process24,403,10,1804
process40,404,9,1813
process57,405,8,1821
process241,406,4,1825
process224,407,2,1827
process340,407,3,1830
process13,408,8,1838
process64,409,2,1840
process274,409,2,1842
process172,411,8,1850
process20,413,8,1858
process191,414,2,1860
process296,415,2,1862
process322,415,3,1865
process173,419,7,1872
process26,423,6,1878
process199,425,10,1888
process294,427,7,1895
process110,431,6,1901
process189,431,7,1908
process365,431,9,1917
process114,432,2,1919
process370,432,6,1925
process25,436,7,1932
process215,437,2,1934
process113,443,4,1938
process98,444,7,1945
process342,445,5,1950
process2,446,2,1952
process35,446,3,1955
process59,447,7,1962
process97,447,6,1968
process366,448,8,1976
process37,450,5,1981
process78,451,5,1986
process355,451,3,1989
process94,453,10,1999
process22,454,8,2007
process159,454,9,2016
process89,456,4,2020
process303,457,10,2030
process129,459,3,2033
process155,459,7,2040
process243,460,9,2049
process247,463,8,2057
process325,465,10,2067
process153,466,4,2071
process353,467,6,2077
process149,470,6,2083
process326,473,8,2091
process156,474,6,2097
process196,474,6,2103
process352,474,10,2113
process137,475,2,2115
process246,475,5,2120
process38,476,3,2123
process118,476,10,2133
process208,476,2,2135
process45,477,5,2140
process212,477,9,2149
process265,480,9,2158
process72,481,3,2161
process235,481,3,2164
process269,481,3,2167
process90,482,5,2172
process349,482,4,2176
process33,483,4,2180
process105,484,7,2187
process66,488,3,2190
process213,490,4,2194
process275,491,4,2198
process375,491,7,2205
process143,495,7,2212
process60,496,2,2214
process363,496,7,2221
process16,498,6,2227
process5,499,2,2229
process47,500,5,2234