name,arrive_time,execution_time,exit_time
process80,0,2,2
process421,0,8,10
process42,1,2,12
process765,1,6,18
process147,3,8,26
process620,3,6,32
process745,3,1,33
process458,4,1,34
process164,5,8,42
process168,6,7,49
process455,6,9,58
process636,6,5,63
process742,6,8,71
process194,8,8,79
process604,8,9,88
process392,10,7,95
process768,10,2,97
process771,10,2,99
process494,11,7,106
process519,11,9,115
process776,11,4,119
process662,12,6,125
process625,14,5,130
process702,14,6,136
process108,15,7,143
process354,15,6,149
process44,17,2,151
process408,17,5,156
process428,17,8,164
process283,18,8,172
process448,19,1,173
process503,19,1,174
process694,19,1,175
process759,19,4,179
process23,20,8,187
process53,21,1,188
process443,21,5,193
process683,21,2,195
process216,22,3,198
process610,22,1,199
process681,22,5,204
process131,23,4,208
process581,23,7,215
process288,24,6,221
process454,26,3,224
process480,26,2,226
process210,27,5,231
process485,27,8,239
process120,28,3,242
process251,28,10,252
process330,28,4,256
process647,28,1,257
process792,28,2,259
process717,30,4,263
process547,31,2,265
process670,31,2,267
process420,32,3,270
process379,34,6,276
process553,34,6,282
process650,34,6,288
process17,35,2,290
process187,35,3,293
process127,36,8,301
process600,36,7,308
process510,38,4,312
process502,39,4,316
process527,39,4,320
process710,39,10,330
process505,40,8,338
process41,41,9,347
process290,41,7,354
process140,42,4,358
process481,42,3,361
process62,43,9,370
process603,43,4,374
process19,44,2,376
process183,44,1,377
process259,44,3,380
process301,45,6,386
process531,45,7,393
process298,46,5,398
process471,47,5,403
process356,49,8,411
process393,49,10,421
process628,49,5,426
process661,49,1,427
process777,49,3,430
process522,50,2,432
process75,52,9,441
process743,52,4,445
process29,53,9,454
process575,53,4,458
process160,54,4,462
process254,54,5,467
process447,55,7,474
process664,56,3,477
process68,57,5,482
process83,57,10,492
process788,57,1,493
process193,58,1,494
process277,58,7,501
process401,58,4,505
process530,58,9,514
process6,60,2,516
process262,61,10,526
process596,61,9,535
process611,61,7,542
process170,62,6,548
process691,62,7,555
process538,63,8,563
process556,63,8,571
process728,63,9,580
process102,64,5,585
process495,64,1,586
process63,65,3,589
process747,65,5,594
process48,66,2,596
process403,66,10,606
process476,66,3,609
process517,66,1,610
process722,66,10,620
process138,67,3,623
process587,67,3,626
process599,67,3,629
process708,68,6,635
process751,68,10,645
process30,69,6,651
process182,71,2,653
process334,71,6,659
process523,71,8,667
process449,72,9,676
process726,72,10,686
process81,73,9,695
process91,74,8,703
process617,74,6,709
process654,74,6,715
process769,74,4,719
process657,75,5,724
process756,75,6,730
process4,77,5,735
process612,79,2,737
process34,81,5,742
process515,81,4,746
process723,81,8,754
process10,82,10,764
process339,82,5,769
process653,82,7,776
process796,83,4,780
process436,84,10,790
process616,84,7,797
process793,85,1,798
process123,86,8,806
process320,86,3,809
process373,89,2,811
process583,89,6,817
process152,90,6,823
process284,90,2,825
process357,90,9,834
process385,91,8,842
process580,91,9,851
process784,91,9,860
process368,92,10,870
process450,92,7,877
process350,93,9,886
process432,93,4,890
process56,94,6,896
process192,94,9,905
process347,94,8,913
process435,94,3,916
process142,95,3,919
process163,95,2,921
process12,96,2,923
process128,96,7,930
process633,97,10,940
process151,98,7,947
process295,99,8,955
process264,100,10,965
process473,100,1,966
process204,101,5,971
process291,101,4,975
process67,102,9,984
process209,102,5,989
process266,103,6,995
process297,103,6,1001
process238,104,9,1010
process529,104,9,1019
process441,105,6,1025
process537,105,9,1034
process709,105,1,1035
process287,106,1,1036
process380,108,10,1046
process434,110,10,1056
process770,111,9,1065
process689,113,9,1074
process730,115,6,1080
process734,115,9,1089
process780,115,8,1097
process595,116,6,1103
process122,118,2,1105
process362,118,2,1107
process419,118,3,1110
process781,118,7,1117
process230,119,1,1118
process457,119,6,1124
process134,120,8,1132
process794,120,4,1136
process685,122,4,1140
process790,122,9,1149
process27,123,2,1151
process273,123,7,1158
process52,124,8,1166
process486,124,7,1173
process115,127,7,1180
process460,127,7,1187
process601,127,3,1190
process341,128,5,1195
process425,128,1,1196
process171,129,1,1197
process692,129,5,1202
process304,132,5,1207
process359,133,5,1212
process240,134,4,1216
process314,134,7,1223
process621,134,8,1231
process95,135,7,1238
process386,135,2,1240
process65,136,7,1247
process289,136,3,1250
process483,136,5,1255
process680,136,6,1261
process544,137,2,1263
process32,138,3,1266
process469,139,3,1269
process106,141,6,1275
process150,141,4,1279
process201,141,6,1285
process540,141,5,1290
process667,141,5,1295
process701,141,9,1304
process218,142,1,1305
process126,143,5,1310
process360,143,8,1318
process158,144,5,1323
process478,144,6,1329
process73,145,7,1336
process49,147,8,1344
process228,148,4,1348
process285,151,7,1355
process79,152,1,1356
process221,152,4,1360
process323,152,5,1365
process387,152,8,1373
process551,152,3,1376
process588,152,2,1378
process729,152,4,1382
process539,154,4,1386
process426,155,9,1395
process665,155,5,1400
process693,155,9,1409
process175,157,3,1412
process593,158,6,1418
process107,159,10,1428
process239,159,6,1434
process475,159,4,1438
process639,159,3,1441
process677,159,10,1451
process148,161,3,1454
process253,161,2,1456
process219,162,9,1465
process594,162,4,1469
process383,163,1,1470
process586,164,9,1479
process635,164,1,1480
process671,164,1,1481
process758,166,5,1486
process566,169,8,1494
process93,170,9,1503
process293,170,9,1512
process461,171,5,1517
process11,172,3,1520
process71,172,3,1523
process104,172,9,1532
process233,172,1,1533
process668,173,2,1535
process119,174,5,1540
process226,174,7,1547
process775,174,3,1550
process618,175,2,1552
process231,177,2,1554
process774,178,2,1556
process394,179,4,1560
process501,179,5,1565
process343,180,4,1569
process395,180,7,1576
process124,181,10,1586
process135,181,7,1593
process54,182,2,1595
process61,182,10,1605
process101,182,7,1612
process202,182,9,1621
process487,182,7,1628
process234,183,7,1635
process451,183,5,1640
process666,184,3,1643
process31,185,9,1652
process270,185,1,1653
process186,187,3,1656
process663,187,7,1663
process109,188,4,1667
process582,188,1,1668
process675,189,9,1677
process267,190,10,1687
process206,191,5,1692
process624,191,1,1693
process165,194,7,1700
process766,195,7,1707
process39,196,7,1714
process410,197,10,1724
process679,197,7,1731
process716,197,4,1735
process337,198,9,1744
process714,198,5,1749
process188,199,7,1756
process190,199,6,1762
process178,200,10,1772
process390,200,7,1779
process602,201,2,1781
process749,202,5,1786
process278,204,4,1790
process307,204,5,1795
process576,205,10,1805
process496,206,10,1815
process659,207,6,1821
process258,208,8,1829
process111,209,3,1832
process179,209,6,1838
process607,213,9,1847
process398,215,3,1850
process229,218,2,1852
process252,218,8,1860
process255,218,10,1870
process738,218,1,1871
process748,218,4,1875
process198,219,10,1885
process7,220,10,1895
process207,220,1,1896
process409,220,3,1899
process388,221,1,1900
process669,221,1,1901
process504,223,3,1904
process623,223,4,1908
process256,226,9,1917
process718,226,5,1922
process9,227,1,1923
process351,227,5,1928
process391,227,5,1933
process397,227,1,1934
process364,228,9,1943
process552,228,7,1950
process697,229,4,1954
process86,231,4,1958
process223,231,9,1967
process257,231,6,1973
process319,231,9,1982
process249,232,6,1988
process402,232,5,1993
process489,233,7,2000
process558,233,6,2006
process58,234,4,2010
process167,234,4,2014
process346,234,7,2021
process21,235,10,2031
process225,235,6,2037
process526,237,3,2040
process328,239,7,2047
process335,239,3,2050
process321,240,10,2060
process508,240,4,2064
process744,240,2,2066
process760,240,8,2074
process384,241,7,2081
process764,242,7,2088
process532,244,8,2096
process752,244,4,2100
process51,245,5,2105
process361,245,7,2112
process217,247,2,2114
process555,247,8,2122
process276,248,8,2130
process69,249,7,2137
process157,249,7,2144
process678,249,1,2145
process711,250,6,2151
process3,251,10,2161
process632,252,5,2166
process740,252,1,2167
process133,253,3,2170
process177,253,10,2180
process412,254,4,2184
process585,255,9,2193
process798,257,1,2194
process261,258,10,2204
process279,258,1,2205
process282,259,9,2214
process750,259,2,2216
process185,260,10,2226
process197,260,1,2227
process525,260,6,2233
process569,261,5,2238
process754,263,1,2239
process144,264,5,2244
process248,264,5,2249
process453,264,10,2259
process429,265,8,2267
process497,265,7,2274
process564,265,10,2284
process658,265,9,2293
process757,265,5,2298
process112,266,5,2303
process511,267,7,2310
process579,267,8,2318
process358,268,3,2321
process396,269,1,2322
process200,270,6,2328
process211,270,7,2335
process467,270,7,2342
process779,270,3,2345
process795,270,8,2353
process162,271,6,2359
process315,271,3,2362
process477,273,6,2368
process313,274,9,2377
process557,274,8,2385
process638,274,3,2388
process690,274,8,2396
process490,275,2,2398
process100,277,7,2405
process136,277,9,2414
process280,277,6,2420
process606,277,1,2421
process327,278,2,2423
process439,278,1,2424
process459,278,6,2430
process389,279,6,2436
process85,280,4,2440
process648,280,6,2446
process405,281,3,2449
process543,282,10,2459
process227,283,6,2465
process520,283,8,2473
process534,283,6,2479
process205,284,1,2480
process513,284,4,2484
process672,286,10,2494
process763,286,3,2497
process166,287,4,2501
process378,287,5,2506
process645,287,5,2511
process466,288,7,2518
process655,288,10,2528
process77,289,7,2535
process116,289,9,2544
process176,289,5,2549
process571,289,6,2555
process546,291,9,2564
process568,291,3,2567
process572,291,4,2571
process783,291,1,2572
process161,292,8,2580
process263,292,9,2589
process524,292,4,2593
process479,293,3,2596
process286,294,3,2599
process292,295,8,2607
process422,295,8,2615
process687,295,4,2619
process245,296,7,2626
process438,296,8,2634
process43,297,3,2637
process272,297,2,2639
process367,298,4,2643
process682,298,3,2646
process154,300,9,2655
process180,300,5,2660
process345,300,8,2668
process88,301,9,2677
process411,302,8,2685
process300,303,2,2687
process399,303,7,2694
process703,303,8,2702
process184,304,3,2705
process242,304,1,2706
process626,304,5,2711
process50,305,9,2720
process570,305,4,2724
process762,305,4,2728
process407,306,8,2736
process465,307,8,2744
process423,310,8,2752
process371,311,1,2753
process324,315,7,2760
process336,316,6,2766
process615,316,4,2770
process15,317,4,2774
process348,317,5,2779
process521,317,8,2787
process498,318,8,2795
process506,318,6,2801
process541,318,3,2804
process55,319,9,2813
process333,319,7,2820
process203,321,7,2827
process222,321,3,2830
process372,321,10,2840
process482,324,2,2842
process74,326,2,2844
process195,326,5,2849
process563,326,8,2857
process696,326,8,2865
process8,327,6,2871
process312,327,8,2879
process317,327,6,2885
process737,330,8,2893
process84,333,2,2895
process739,333,4,2899
process468,334,5,2904
process560,334,5,2909
process174,336,2,2911
process260,336,2,2913
process305,336,1,2914
process316,336,7,2921
process344,336,2,2923
process99,337,4,2927
process550,337,1,2928
process592,337,10,2938
process707,337,8,2946
process731,337,1,2947
process139,338,7,2954
process613,338,3,2957
process492,339,7,2964
process528,339,10,2974
process308,340,4,2978
process374,340,5,2983
process713,340,8,2991
process130,341,5,2996
process608,343,7,3003
process640,344,6,3009
process720,345,7,3016
process554,346,9,3025
process299,351,9,3034
process146,352,5,3039
process472,352,2,3041
process549,352,8,3049
process597,352,9,3058
process1,353,2,3060
process76,353,6,3066
process782,353,7,3073
process125,355,6,3079
process382,355,1,3080
process437,355,2,3082
process445,355,6,3088
process545,355,8,3096
process567,356,9,3105
process698,356,3,3108
process250,358,7,3115
process406,358,4,3119
process589,358,6,3125
process87,359,2,3127
process440,359,7,3134
process18,360,2,3136
process271,361,3,3139
process773,361,9,3148
process630,362,10,3158
process244,363,10,3168
process369,364,1,3169
process536,365,7,3176
process281,366,4,3180
process302,367,6,3186
process719,368,8,3194
process237,369,3,3197
process452,369,4,3201
process507,369,10,3211
process232,370,10,3221
process381,370,7,3228
process686,370,8,3236
process427,371,9,3245
process14,373,1,3246
process46,373,5,3251
process70,374,1,3252
process578,374,7,3259
process548,375,7,3266
process741,375,1,3267
process446,377,10,3277
process509,377,7,3284
process132,378,1,3285
process169,378,4,3289
process331,378,8,3297
process724,378,4,3301
process797,378,4,3305
process82,379,5,3310
process141,379,7,3317
process733,380,2,3319
process338,381,4,3323
process377,381,3,3326
process500,381,9,3335
process516,381,8,3343
process220,382,9,3352
process310,383,7,3359
process309,384,5,3364
process577,385,1,3365
process103,386,4,3369
process306,386,9,3378
process145,387,9,3387
process214,388,8,3395
process400,388,3,3398
process332,389,6,3404
process433,390,3,3407
process787,390,10,3417
process789,390,1,3418
process414,392,6,3424
process799,392,2,3426
process117,393,5,3431
process688,393,10,3441
process92,394,10,3451
process329,394,9,3460
process462,395,8,3468
process643,395,2,3470
process772,395,8,3478
process96,396,6,3484
process236,397,8,3492
process598,397,8,3500
process712,398,2,3502
process268,399,9,3511
process456,399,8,3519
process514,399,3,3522
process121,400,2,3524
process318,400,3,3527
process376,400,5,3532
process605,400,6,3538
process28,401,5,3543
process36,401,6,3549
process311,401,9,3558
process181,402,3,3561
process0,403,4,3565
process24,403,10,3575
process424,403,6,3581
process700,403,3,3584
process40,404,9,3593
process57,405,8,3601
process241,406,4,3605
process224,407,2,3607
process340,407,3,3610
process13,408,8,3618
process64,409,2,3620
process274,409,2,3622
process404,410,9,3631
process644,410,8,3639
process172,411,8,3647
process785,411,8,3655
process20,413,8,3663
process191,414,2,3665
process590,414,5,3670
process296,415,2,3672
process322,415,3,3675
process464,415,9,3684
process646,415,2,3686
process735,415,1,3687
process491,416,4,3691
process173,419,7,3698
process474,420,1,3699
process26,423,6,3705
process199,425,10,3715
process463,426,1,3716
process294,427,7,3723
process416,427,3,3726
process727,428,2,3728
process755,429,5,3733
process512,430,3,3736
process110,431,6,3742
process189,431,7,3749
process365,431,9,3758
process642,431,3,3761
process114,432,2,3763
process370,432,6,3769
process684,432,4,3773
process767,432,6,3779
process637,434,6,3785
process518,435,8,3793
process25,436,7,3800
process215,437,2,3802
process499,438,10,3812
process614,438,10,3822
process488,439,7,3829
process113,443,4,3833
process705,443,6,3839
process98,444,7,3846
process413,444,1,3847
process342,445,5,3852
process2,446,2,3854
process35,446,3,3857
process695,446,4,3861
process59,447,7,3868
process97,447,6,3874
process366,448,8,3882
process673,448,3,3885
process761,448,9,3894
process746,449,6,3900
process37,450,5,3905
process78,451,5,3910
process355,451,3,3913
process627,451,8,3921
process704,451,5,3926
process94,453,10,3936
process22,454,8,3944
process159,454,9,3953
process651,454,7,3960
process715,454,2,3962
process706,455,6,3968
process89,456,4,3972
process535,456,2,3974
process629,456,7,3981
process303,457,10,3991
process542,457,6,3997
process444,458,5,4002
process561,458,7,4009
process129,459,3,4012
process155,459,7,4019
process622,459,5,4024
process243,460,9,4033
process533,460,8,4041
process562,461,4,4045
process631,461,5,4050
process660,462,7,4057
process247,463,8,4065
process484,463,5,4070
process325,465,10,4080
process791,465,1,4081
process153,466,4,4085
process619,466,7,4092
process676,466,4,4096
process353,467,6,4102
process149,470,6,4108
process652,470,1,4109
process699,470,10,4119
process656,472,7,4126
process326,473,8,4134
process721,473,1,4135
process156,474,6,4141
process196,474,6,4147
process352,474,10,4157
process137,475,2,4159
process246,475,5,4164
process38,476,3,4167
process118,476,10,4177
process208,476,2,4179
process565,476,9,4188
process45,477,5,4193
process212,477,9,4202
process493,477,6,4208
process649,477,5,4213
process470,479,9,4222
process574,479,6,4228
process778,479,7,4235
process265,480,9,4244
process725,480,6,4250
process72,481,3,4253
process235,481,3,4256
process269,481,3,4259
process90,482,5,4264
process349,482,4,4268
process584,482,3,4271
process33,483,4,4275
process591,483,2,4277
process736,483,10,4287
process105,484,7,4294
process573,484,10,4304
process786,484,1,4305
process674,485,9,4314
process415,487,6,4320
process66,488,3,4323
process634,488,9,4332
process641,489,8,4340
process213,490,4,4344
process418,490,8,4352
process275,491,4,4356
process375,491,7,4363
process430,491,6,4369
process559,491,4,4373
process609,491,8,4381
process431,492,6,4387
process732,492,9,4396
process143,495,7,4403
process417,495,7,4410
process442,495,10,4420
process60,496,2,4422
process363,496,7,4429
process16,498,6,4435
process5,499,2,4437
process753,499,10,4447
process47,500,5,4452