name,arrive_time,execution_time,exit_time
process80,0,2,2
process421,0,8,10
process42,1,2,12
process147,3,8,20
process458,4,1,21
process164,5,8,29
process168,6,7,36
process455,6,9,45
process194,8,8,53
process392,10,7,60
process494,11,7,67
process108,15,7,74
process354,15,6,80
process44,17,2,82
process408,17,5,87
process428,17,8,95
process283,18,8,103
process448,19,1,104
process23,20,8,112
process53,21,1,113
process443,21,5,118
process216,22,3,121
process131,23,4,125
process288,24,6,131
process454,26,3,134
process480,26,2,136
process210,27,5,141
process485,27,8,149
process120,28,3,152
process251,28,10,162
process330,28,4,166
process420,32,3,169
process379,34,6,175
process17,35,2,177
process187,35,3,180
process127,36,8,188
process41,41,9,197
process290,41,7,204
process140,42,4,208
process481,42,3,211
process62,43,9,220
process19,44,2,222
process183,44,1,223
process259,44,3,226
process301,45,6,232
process298,46,5,237
process471,47,5,242
process356,49,8,250
process393,49,10,260
process75,52,9,269
process29,53,9,278
process160,54,4,282
process254,54,5,287
process447,55,7,294
process68,57,5,299
process83,57,10,309
process193,58,1,310
process277,58,7,317
process401,58,4,321
process6,60,2,323
process262,61,10,333
process170,62,6,339
process102,64,5,344
process495,64,1,345
process63,65,3,348
process48,66,2,350
process403,66,10,360
process476,66,3,363
process138,67,3,366
process30,69,6,372
process182,71,2,374
process334,71,6,380
process449,72,9,389
process81,73,9,398
process91,74,8,406
process4,77,5,411
process34,81,5,416
process10,82,10,426
process339,82,5,431
process436,84,10,441
process123,86,8,449
process320,86,3,452
process373,89,2,454
process152,90,6,460
process284,90,2,462
process357,90,9,471
process385,91,8,479
process368,92,10,489
process450,92,7,496
process350,93,9,505
process432,93,4,509
process56,94,6,515
process192,94,9,524
process347,94,8,532
process435,94,3,535
process142,95,3,538
process163,95,2,540
process12,96,2,542
process128,96,7,549
process151,98,7,556
process295,99,8,564
process264,100,10,574
process473,100,1,575
process204,101,5,580
process291,101,4,584
process67,102,9,593
process209,102,5,598
process266,103,6,604
process297,103,6,610
process238,104,9,619
process441,105,6,625
process287,106,1,626
process380,108,10,636
process434,110,10,646
process122,118,2,648
process362,118,2,650
process419,118,3,653
process230,119,1,654
process457,119,6,660
process134,120,8,668
process27,123,2,670
process273,123,7,677
process52,124,8,685
process486,124,7,692
process115,127,7,699
process460,127,7,706
process341,128,5,711
process425,128,1,712
process171,129,1,713
process304,132,5,718
process359,133,5,723
process240,134,4,727
process314,134,7,734
process95,135,7,741
process386,135,2,743
process65,136,7,750
process289,136,3,753
process483,136,5,758
process32,138,3,761
process469,139,3,764
process106,141,6,770
process150,141,4,774
process201,141,6,780
process218,142,1,781
process126,143,5,786
process360,143,8,794
process158,144,5,799
process478,144,6,805
process73,145,7,812
process49,147,8,820
process228,148,4,824
process285,151,7,831
process79,152,1,832
process221,152,4,836
process323,152,5,841
process387,152,8,849
process426,155,9,858
process175,157,3,861
process107,159,10,871
process239,159,6,877
process475,159,4,881
process148,161,3,884
process253,161,2,886
process219,162,9,895
process383,163,1,896
process93,170,9,905
process293,170,9,914
process461,171,5,919
process11,172,3,922
process71,172,3,925
process104,172,9,934
process233,172,1,935
process119,174,5,940
process226,174,7,947
process231,177,2,949
process394,179,4,953
process343,180,4,957
process395,180,7,964
process124,181,10,974
process135,181,7,981
process54,182,2,983
process61,182,10,993
process101,182,7,1000
process202,182,9,1009
process487,182,7,1016
process234,183,7,1023
process451,183,5,1028
process31,185,9,1037
process270,185,1,1038
process186,187,3,1041
process109,188,4,1045
process267,190,10,1055
process206,191,5,1060
process165,194,7,1067
process39,196,7,1074
process410,197,10,1084
process337,198,9,1093
process188,199,7,1100
process190,199,6,1106
process178,200,10,1116
process390,200,7,1123
process278,204,4,1127
process307,204,5,1132
process496,206,10,1142
process258,208,8,1150
process111,209,3,1153
process179,209,6,1159
process398,215,3,1162
process229,218,2,1164
process252,218,8,1172
process255,218,10,1182
process198,219,10,1192
process7,220,10,1202
process207,220,1,1203
process409,220,3,1206
process388,221,1,1207
process256,226,9,1216
process9,227,1,1217
process351,227,5,1222
process391,227,5,1227
process397,227,1,1228
process364,228,9,1237
process86,231,4,1241
process223,231,9,1250
process257,231,6,1256
process319,231,9,1265
process249,232,6,1271
process402,232,5,1276
process489,233,7,1283
process58,234,4,1287
process167,234,4,1291
process346,234,7,1298
process21,235,10,1308
process225,235,6,1314
process328,239,7,1321
process335,239,3,1324
process321,240,10,1334
process384,241,7,1341
process51,245,5,1346
process361,245,7,1353
process217,247,2,1355
process276,248,8,1363
process69,249,7,1370
process157,249,7,1377
process3,251,10,1387
process133,253,3,1390
process177,253,10,1400
process412,254,4,1404
process261,258,10,1414
process279,258,1,1415
process282,259,9,1424
process185,260,10,1434
process197,260,1,1435
process144,264,5,1440
process248,264,5,1445
process453,264,10,1455
process429,265,8,1463
process497,265,7,1470
process112,266,5,1475
process358,268,3,1478
process396,269,1,1479
process200,270,6,1485
process211,270,7,1492
process467,270,7,1499
process162,271,6,1505
process315,271,3,1508
process477,273,6,1514
process313,274,9,1523
process490,275,2,1525
process100,277,7,1532
process136,277,9,1541
process280,277,6,1547
process327,278,2,1549
process439,278,1,1550
process459,278,6,1556
process389,279,6,1562
process85,280,4,1566
process405,281,3,1569
process227,283,6,1575
process205,284,1,1576
process166,287,4,1580
process378,287,5,1585
process466,288,7,1592
process77,289,7,1599
process116,289,9,1608
process176,289,5,1613
process161,292,8,1621
process263,292,9,1630
process479,293,3,1633
process286,294,3,1636
process292,295,8,1644
process422,295,8,1652
process245,296,7,1659
process438,296,8,1667
process43,297,3,1670
process272,297,2,1672
process367,298,4,1676
process154,300,9,1685
process180,300,5,1690
process345,300,8,1698
process88,301,9,1707
process411,302,8,1715
process300,303,2,1717
process399,303,7,1724
process184,304,3,1727
process242,304,1,1728
process50,305,9,1737
process407,306,8,1745
process465,307,8,1753
process423,310,8,1761
process371,311,1,1762
process324,315,7,1769
process336,316,6,1775
process15,317,4,1779
process348,317,5,1784
process498,318,8,1792
process55,319,9,1801
process333,319,7,1808
process203,321,7,1815
process222,321,3,1818
process372,321,10,1828
process482,324,2,1830
process74,326,2,1832
process195,326,5,1837
process8,327,6,1843
process312,327,8,1851
process317,327,6,1857
process84,333,2,1859
process468,334,5,1864
process174,336,2,1866
process260,336,2,1868
process305,336,1,1869
process316,336,7,1876
process344,336,2,1878
process99,337,4,1882
process139,338,7,1889
process492,339,7,1896
process308,340,4,1900
process374,340,5,1905
process130,341,5,1910
process299,351,9,1919
process146,352,5,1924
process472,352,2,1926
process1,353,2,1928
process76,353,6,1934
process125,355,6,1940
process382,355,1,1941
process437,355,2,1943
process445,355,6,1949
process250,358,7,1956
process406,358,4,1960
process87,359,2,1962
process440,359,7,1969
process18,360,2,1971
process271,361,3,1974
process244,363,10,1984
process369,364,1,1985
process281,366,4,1989
process302,367,6,1995
process237,369,3,1998
process452,369,4,2002
process232,370,10,2012
process381,370,7,2019
process427,371,9,2028
process14,373,1,2029
process46,373,5,2034
process70,374,1,2035
process446,377,10,2045
process132,378,1,2046
process169,378,4,2050
process331,378,8,2058
process82,379,5,2063
process141,379,7,2070
process338,381,4,2074
process377,381,3,2077
process220,382,9,2086
process310,383,7,2093
process309,384,5,2098
process103,386,4,2102
process306,386,9,2111
process145,387,9,2120
process214,388,8,2128
process400,388,3,2131
process332,389,6,2137
process433,390,3,2140
process414,392,6,2146
process117,393,5,2151
process92,394,10,2161
process329,394,9,2170
process462,395,8,2178
process96,396,6,2184
process236,397,8,2192
process268,399,9,2201
process456,399,8,2209
process121,400,2,2211
process318,400,3,2214
process376,400,5,2219
process28,401,5,2224
process36,401,6,2230
process311,401,9,2239
process181,402,3,2242
process0,403,4,2246
process24,403,10,2256
process424,403,6,2262
process40,404,9,2271
process57,405,8,2279
process241,406,4,2283
process224,407,2,2285
process340,407,3,2288
process13,408,8,2296
process64,409,2,2298
process274,409,2,2300
process404,410,9,2309
process172,411,8,2317
process20,413,8,2325
process191,414,2,2327
process296,415,2,2329
process322,415,3,2332
process464,415,9,2341
process491,416,4,2345
process173,419,7,2352
process474,420,1,2353
process26,423,6,2359
process199,425,10,2369
process463,426,1,2370
process294,427,7,2377
process416,427,3,2380
process110,431,6,2386
process189,431,7,2393
process365,431,9,2402
process114,432,2,2404
process370,432,6,2410
process25,436,7,2417
process215,437,2,2419
process499,438,10,2429
process488,439,7,2436
process113,443,4,2440
process98,444,7,2447
process413,444,1,2448
process342,445,5,2453
process2,446,2,2455
process35,446,3,2458
process59,447,7,2465
process97,447,6,2471
process366,448,8,2479
process37,450,5,2484
process78,451,5,2489
process355,451,3,2492
process94,453,10,2502
process22,454,8,2510
process159,454,9,2519
process89,456,4,2523
process303,457,10,2533
process444,458,5,2538
process129,459,3,2541
process155,459,7,2548
process243,460,9,2557
process247,463,8,2565
process484,463,5,2570
process325,465,10,2580
process153,466,4,2584
process353,467,6,2590
process149,470,6,2596
process326,473,8,2604
process156,474,6,2610
process196,474,6,2616
process352,474,10,2626
process137,475,2,2628
process246,475,5,2633
process38,476,3,2636
process118,476,10,2646
process208,476,2,2648
process45,477,5,2653
process212,477,9,2662
process493,477,6,2668
process470,479,9,2677
process265,480,9,2686
process72,481,3,2689
process235,481,3,2692
process269,481,3,2695
process90,482,5,2700
process349,482,4,2704
process33,483,4,2708
process105,484,7,2715
process415,487,6,2721
process66,488,3,2724
process213,490,4,2728
process418,490,8,2736
process275,491,4,2740
process375,491,7,2747
process430,491,6,2753
process431,492,6,2759
process143,495,7,2766
process417,495,7,2773
process442,495,10,2783
process60,496,2,2785
process363,496,7,2792
process16,498,6,2798
process5,499,2,2800
process47,500,5,2805