name,arrive_time,execution_time,exit_time
process80,0,2,2
process42,1,2,4
process147,3,8,27
process164,5,8,30
process44,17,2,37
process168,6,7,44
process53,21,1,50
process216,22,3,53
process131,23,4,57
process194,8,8,60
process210,27,5,70
process120,28,3,73
process108,15,7,80
process17,35,2,82
process187,35,3,85
process283,18,8,103
process140,42,4,107
process19,44,2,114
process183,44,1,115
process259,44,3,118
process298,46,5,123
process23,20,8,126
process160,54,4,140
process254,54,5,145
process68,57,5,150
process193,58,1,156
process6,60,2,163
process102,64,5,178
process288,24,6,179
process63,65,3,182
process48,66,2,184
process138,67,3,187
process182,71,2,194
process4,77,5,209
process251,28,10,214
process34,81,5,219
process127,36,8,232
process284,90,2,239
process41,41,9,253
process142,95,3,256
process163,95,2,258
process12,96,2,260
process290,41,7,277
process204,101,5,287
process291,101,4,291
process209,102,5,301
process287,106,1,317
process62,43,9,321
process122,118,2,323
process230,119,1,324
process27,123,2,331
process171,129,1,347
process75,52,9,351
process240,134,4,355
process29,53,9,364
process289,136,3,372
process32,138,3,375
process150,141,4,384
process218,142,1,390
process126,143,5,395
process158,144,5,400
process228,148,4,414
process79,152,1,420
process221,152,4,424
process83,57,10,429
process175,157,3,432
process277,58,7,444
process148,161,3,447
process253,161,2,449
process262,61,10,459
process11,172,3,472
process71,172,3,475
process233,172,1,481
process170,62,6,482
process119,174,5,487
process231,177,2,494
process54,182,2,506
process270,185,1,532
process186,187,3,535
process109,188,4,539
process206,191,5,549
process30,69,6,550
process81,73,9,564
process91,74,8,582
process278,204,4,586
process111,209,3,594
process229,218,2,601
process207,220,1,622
process10,82,10,627
process9,227,1,633
process123,86,8,636
process86,231,4,640
process58,234,4,659
process167,234,4,663
process152,90,6,674
process56,94,6,675
process51,245,5,680
process217,247,2,682
process192,94,9,691
process133,253,3,709
process279,258,1,720
process197,260,1,731
process144,264,5,736
process248,264,5,741
process128,96,7,743
process112,266,5,748
process151,98,7,750
process295,99,8,768
process85,280,4,787
process264,100,10,792
process205,284,1,798
process166,287,4,802
process176,289,5,817
process286,294,3,830
process67,102,9,839
process43,297,3,847
process272,297,2,849
process180,300,5,859
process184,304,3,867
process242,304,1,868
process266,103,6,874
process297,103,6,875
process238,104,9,879
process15,317,4,883
process222,321,3,896
process74,326,2,898
process195,326,5,903
process134,120,8,911
process84,333,2,913
process273,123,7,915
process174,336,2,917
process260,336,2,919
process99,337,4,923
process52,124,8,931
process130,341,5,936
process115,127,7,938
process146,352,5,948
process1,353,2,950
process87,359,2,967
process95,135,7,969
process18,360,2,971
process271,361,3,974
process281,366,4,983
process65,136,7,985
process237,369,3,988
process14,373,1,994
process46,373,5,999
process70,374,1,1000
process132,378,1,1001
process169,378,4,1005
process82,379,5,1010
process106,141,6,1016
process103,386,4,1025
process201,141,6,1036
process117,393,5,1041
process121,400,2,1063
process28,401,5,1068
process181,402,3,1076
process0,403,4,1080
process73,145,7,1092
process241,406,4,1101
process224,407,2,1103
process64,409,2,1110
process274,409,2,1112
process49,147,8,1115
process191,414,2,1127
process296,415,2,1129
process285,151,7,1131
process114,432,2,1163
process107,159,10,1173
process215,437,2,1175
process239,159,6,1176
process113,443,4,1180
process2,446,2,1187
process35,446,3,1190
process37,450,5,1205
process78,451,5,1210
process219,162,9,1219
process89,456,4,1233
process129,459,3,1236
process93,170,9,1255
process153,466,4,1259
process293,170,9,1263
process137,475,2,1280
process246,475,5,1285
process38,476,3,1288
process208,476,2,1295
process45,477,5,1300
process104,172,9,1309
process72,481,3,1317
process235,481,3,1320
process269,481,3,1323
process90,482,5,1328
process33,483,4,1332
process66,488,3,1340
process213,490,4,1344
process275,491,4,1348
process226,174,7,1350
process60,496,2,1357
process124,181,10,1367
process5,499,2,1369
process47,500,5,1374
process135,181,7,1376
process61,182,10,1381
process101,182,7,1383
process202,182,9,1387
process234,183,7,1389
process31,185,9,1393
process267,190,10,1398
process165,194,7,1400
process39,196,7,1402
process188,199,7,1404
process190,199,6,1405
process178,200,10,1410
process258,208,8,1413
process179,209,6,1414
process252,218,8,1417
process255,218,10,1422
process198,219,10,1427
process7,220,10,1432
process256,226,9,1436
process223,231,9,1440
process257,231,6,1441
process249,232,6,1442
process21,235,10,1447
process225,235,6,1448
process276,248,8,1451
process69,249,7,1453
process157,249,7,1455
process3,251,10,1460
process177,253,10,1465
process261,258,10,1470
process282,259,9,1474
process185,260,10,1479
process200,270,6,1480
process211,270,7,1482
process162,271,6,1483
process100,277,7,1485
process136,277,9,1489
process280,277,6,1490
process227,283,6,1491
process77,289,7,1493
process116,289,9,1497
process161,292,8,1500
process263,292,9,1504
process292,295,8,1507
process245,296,7,1509
process154,300,9,1513
process88,301,9,1517
process50,305,9,1521
process55,319,9,1525
process203,321,7,1527
process8,327,6,1528
process139,338,7,1530
process299,351,9,1534
process76,353,6,1535
process125,355,6,1536
process250,358,7,1538
process244,363,10,1543
process232,370,10,1548
process141,379,7,1550
process220,382,9,1554
process145,387,9,1558
process214,388,8,1561
process92,394,10,1566
process96,396,6,1567
process236,397,8,1570
process268,399,9,1574
process36,401,6,1575
process24,403,10,1580
process40,404,9,1584
process57,405,8,1587
process13,408,8,1590
process172,411,8,1593
process20,413,8,1596
process173,419,7,1598
process26,423,6,1599
process199,425,10,1604
process294,427,7,1606
process110,431,6,1607
process189,431,7,1609
process25,436,7,1611
process98,444,7,1613
process59,447,7,1615
process97,447,6,1616
process94,453,10,1621
process22,454,8,1624
process159,454,9,1628
process155,459,7,1630
process243,460,9,1634
process247,463,8,1637
process149,470,6,1638
process156,474,6,1639
process196,474,6,1640
process118,476,10,1645
process212,477,9,1649
process265,480,9,1653
process105,484,7,1655
process143,495,7,1657
process16,498,6,1658