name,arrive_time,execution_time,exit_time
process80,0,2,2
process42,1,2,9
process745,3,1,25
process458,4,1,26
process636,6,5,46
process421,0,8,54
process768,10,2,71
process771,10,2,73
process776,11,4,87
process765,1,6,93
process625,14,5,98
process44,17,2,115
process408,17,5,120
process147,3,8,133
process448,19,1,134
process503,19,1,135
process694,19,1,136
process759,19,4,140
process53,21,1,146
process443,21,5,151
process683,21,2,153
process216,22,3,156
process610,22,1,157
process681,22,5,162
process131,23,4,166
process620,3,6,172
process454,26,3,180
process480,26,2,182
process210,27,5,187
process120,28,3,195
process330,28,4,204
process647,28,1,205
process792,28,2,207
process717,30,4,211
process164,5,8,214
process547,31,2,216
process670,31,2,218
process420,32,3,221
process17,35,2,238
process187,35,3,241
process168,6,7,243
process510,38,4,257
process502,39,4,261
process527,39,4,265
process455,6,9,279
process140,42,4,293
process481,42,3,296
process603,43,4,305
process19,44,2,307
process183,44,1,308
process259,44,3,311
process298,46,5,326
process471,47,5,331
process628,49,5,346
process661,49,1,347
process777,49,3,350
process522,50,2,352
process742,6,8,355
process743,52,4,364
process575,53,4,373
process160,54,4,377
process254,54,5,382
process664,56,3,390
process68,57,5,395
process788,57,1,401
process193,58,1,402
process401,58,4,411
process194,8,8,419
process6,60,2,421
process604,8,9,465
process102,64,5,470
process495,64,1,471
process63,65,3,474
process747,65,5,479
process48,66,2,481
process476,66,3,489
process517,66,1,490
process138,67,3,498
process587,67,3,501
process599,67,3,504
process392,10,7,516
process182,71,2,523
process769,74,4,567
process657,75,5,572
process4,77,5,582
process494,11,7,584
process612,79,2,586
process34,81,5,591
process515,81,4,595
process339,82,5,610
process519,11,9,619
process796,83,4,623
process793,85,1,634
process320,86,3,642
process373,89,2,644
process284,90,2,656
process662,12,6,677
process432,93,4,696
process435,94,3,714
process142,95,3,717
process163,95,2,719
process12,96,2,721
process473,100,1,747
process204,101,5,752
process291,101,4,756
process209,102,5,766
process702,14,6,767
process709,105,1,798
process287,106,1,799
process108,15,7,801
process354,15,6,817
process122,118,2,844
process362,118,2,846
process419,118,3,849
process230,119,1,855
process794,120,4,869
process685,122,4,873
process27,123,2,880
process428,17,8,898
process601,127,3,911
process341,128,5,916
process425,128,1,917
process171,129,1,918
process692,129,5,923
process283,18,8,926
process304,132,5,931
process359,133,5,936
process240,134,4,940
process386,135,2,957
process289,136,3,965
process483,136,5,970
process544,137,2,977
process32,138,3,980
process469,139,3,983
process150,141,4,992
process540,141,5,1002
process667,141,5,1007
process218,142,1,1013
process126,143,5,1018
process158,144,5,1028
process23,20,8,1036
process228,148,4,1050
process79,152,1,1056
process221,152,4,1060
process323,152,5,1065
process551,152,3,1073
process588,152,2,1075
process729,152,4,1079
process539,154,4,1083
process665,155,5,1093
process175,157,3,1101
process475,159,4,1120
process639,159,3,1123
process148,161,3,1131
process253,161,2,1133
process594,162,4,1142
process383,163,1,1143
process635,164,1,1149
process671,164,1,1150
process758,166,5,1155
process581,23,7,1172
process461,171,5,1177
process11,172,3,1180
process71,172,3,1183
process233,172,1,1189
process668,173,2,1191
process119,174,5,1196
process775,174,3,1204
process618,175,2,1206
process288,24,6,1207
process231,177,2,1209
process774,178,2,1211
process394,179,4,1215
process501,179,5,1220
process343,180,4,1224
process54,182,2,1241
process451,183,5,1271
process666,184,3,1274
process270,185,1,1280
process186,187,3,1283
process109,188,4,1292
process582,188,1,1293
process206,191,5,1308
process624,191,1,1309
process485,27,8,1312
process716,197,4,1341
process714,198,5,1351
process251,28,10,1366
process602,201,2,1378
process749,202,5,1383
process278,204,4,1387
process307,204,5,1392
process111,209,3,1415
process398,215,3,1428
process229,218,2,1430
process738,218,1,1441
process748,218,4,1445
process207,220,1,1456
process409,220,3,1459
process388,221,1,1460
process669,221,1,1461
process504,223,3,1464
process623,223,4,1468
process379,34,6,1469
process718,226,5,1479
process9,227,1,1480
process351,227,5,1485
process391,227,5,1490
process397,227,1,1491
process697,229,4,1505
process553,34,6,1506
process86,231,4,1510
process402,232,5,1535
process58,234,4,1549
process167,234,4,1553
process650,34,6,1569
process526,237,3,1572
process335,239,3,1580
process508,240,4,1589
process744,240,2,1591
process752,244,4,1615
process51,245,5,1620
process217,247,2,1627
process127,36,8,1635
process678,249,1,1651
process632,252,5,1666
process740,252,1,1667
process600,36,7,1669
process133,253,3,1672
process412,254,4,1681
process798,257,1,1687
process279,258,1,1693
process750,259,2,1700
process197,260,1,1706
process569,261,5,1716
process754,263,1,1717
process144,264,5,1722
process248,264,5,1727
process757,265,5,1757
process112,266,5,1762
process358,268,3,1775
process396,269,1,1776
process710,39,10,1781
process779,270,3,1799
process315,271,3,1812
process638,274,3,1830
process505,40,8,1838
process490,275,2,1840
process606,277,1,1856
process327,278,2,1858
process439,278,1,1859
process85,280,4,1873
process405,281,3,1881
process41,41,9,1905
process205,284,1,1906
process513,284,4,1910
process763,286,3,1918
process166,287,4,1922
process378,287,5,1927
process645,287,5,1932
process290,41,7,1944
process176,289,5,1959
process568,291,3,1972
process572,291,4,1976
process783,291,1,1977
process524,292,4,1991
process479,293,3,1994
process286,294,3,1997
process687,295,4,2011
process43,297,3,2024
process272,297,2,2026
process367,298,4,2030
process682,298,3,2033
process180,300,5,2043
process62,43,9,2052
process300,303,2,2064
process184,304,3,2077
process242,304,1,2078
process626,304,5,2083
process570,305,4,2092
process762,305,4,2096
process371,311,1,2112
process301,45,6,2118
process615,316,4,2127
process15,317,4,2131
process348,317,5,2136
process541,318,3,2154
process531,45,7,2166
process222,321,3,2174
process482,324,2,2181
process74,326,2,2183
process195,326,5,2188
process84,333,2,2220
process739,333,4,2224
process468,334,5,2229
process560,334,5,2234
process356,49,8,2237
process174,336,2,2239
process260,336,2,2241
process305,336,1,2242
process344,336,2,2249
process99,337,4,2253
process550,337,1,2254
process731,337,1,2265
process613,338,3,2273
process308,340,4,2287
process374,340,5,2292
process393,49,10,2302
process130,341,5,2307
process146,352,5,2337
process472,352,2,2339
process1,353,2,2351
process382,355,1,2367
process437,355,2,2369
process698,356,3,2387
process406,358,4,2396
process87,359,2,2403
process75,52,9,2412
process18,360,2,2414
process271,361,3,2417
process369,364,1,2433
process281,366,4,2442
process29,53,9,2456
process237,369,3,2459
process452,369,4,2463
process14,373,1,2489
process46,373,5,2494
process70,374,1,2495
process741,375,1,2506
process132,378,1,2517
process169,378,4,2521
process724,378,4,2530
process797,378,4,2534
process82,379,5,2539
process733,380,2,2546
process338,381,4,2550
process377,381,3,2553
process309,384,5,2578
process577,385,1,2579
process103,386,4,2583
process447,55,7,2590
process400,388,3,2603
process433,390,3,2611
process789,390,1,2617
process799,392,2,2624
process117,393,5,2629
process643,395,2,2651
process712,398,2,2673
process514,399,3,2686
process83,57,10,2691
process121,400,2,2693
process318,400,3,2696
process376,400,5,2701
process28,401,5,2711
process181,402,3,2724
process0,403,4,2728
process700,403,3,2741
process241,406,4,2755
process277,58,7,2757
process224,407,2,2759
process340,407,3,2762
process64,409,2,2769
process274,409,2,2771
process191,414,2,2798
process590,414,5,2803
process296,415,2,2805
process322,415,3,2808
process646,415,2,2815
process735,415,1,2816
process530,58,9,2820
process491,416,4,2824
process474,420,1,2830
process262,61,10,2845
process463,426,1,2846
process416,427,3,2854
process727,428,2,2856
process755,429,5,2861
process512,430,3,2864
process596,61,9,2868
process642,431,3,2886
process114,432,2,2888
process684,432,4,2897
process611,61,7,2914
process215,437,2,2921
process170,62,6,2937
process113,443,4,2941
process413,444,1,2952
process342,445,5,2957
process691,62,7,2959
process2,446,2,2961
process35,446,3,2964
process695,446,4,2968
process673,448,3,2986
process37,450,5,3001
process538,63,8,3004
process78,451,5,3009
process355,451,3,3012
process704,451,5,3022
process715,454,2,3044
process556,63,8,3052
process89,456,4,3056
process535,456,2,3058
process444,458,5,3078
process129,459,3,3086
process622,459,5,3096
process728,63,9,3110
process562,461,4,3114
process631,461,5,3119
process484,463,5,3134
process791,465,1,3140
process153,466,4,3144
process676,466,4,3153
process652,470,1,3164
process721,473,1,3180
process137,475,2,3197
process246,475,5,3202
process38,476,3,3205
process208,476,2,3212
process45,477,5,3222
process649,477,5,3237
process72,481,3,3265
process235,481,3,3268
process269,481,3,3271
process90,482,5,3276
process349,482,4,3280
process584,482,3,3283
process33,483,4,3287
process591,483,2,3289
process786,484,1,3305
process403,66,10,3315
process66,488,3,3323
process213,490,4,3337
process275,491,4,3346
process559,491,4,3360
process722,66,10,3380
process60,496,2,3397
process5,499,2,3409
process47,500,5,3419
process708,68,6,3420
process751,68,10,3425
process30,69,6,3426
process334,71,6,3427
process523,71,8,3430
process449,72,9,3434
process726,72,10,3439
process81,73,9,3443
process91,74,8,3446
process617,74,6,3447
process654,74,6,3448
process756,75,6,3449
process723,81,8,3452
process10,82,10,3457
process653,82,7,3459
process436,84,10,3464
process616,84,7,3466
process123,86,8,3469
process583,89,6,3470
process152,90,6,3471
process357,90,9,3475
process385,91,8,3478
process580,91,9,3482
process784,91,9,3486
process368,92,10,3491
process450,92,7,3493
process350,93,9,3497
process56,94,6,3498
process192,94,9,3502
process347,94,8,3505
process128,96,7,3507
process633,97,10,3512
process151,98,7,3514
process295,99,8,3517
process264,100,10,3522
process67,102,9,3526
process266,103,6,3527
process297,103,6,3528
process238,104,9,3532
process529,104,9,3536
process441,105,6,3537
process537,105,9,3541
process380,108,10,3546
process434,110,10,3551
process770,111,9,3555
process689,113,9,3559
process730,115,6,3560
process734,115,9,3564
process780,115,8,3567
process595,116,6,3568
process781,118,7,3570
process457,119,6,3571
process134,120,8,3574
process790,122,9,3578
process273,123,7,3580
process52,124,8,3583
process486,124,7,3585
process115,127,7,3587
process460,127,7,3589
process314,134,7,3591
process621,134,8,3594
process95,135,7,3596
process65,136,7,3598
process680,136,6,3599
process106,141,6,3600
process201,141,6,3601
process701,141,9,3605
process360,143,8,3608
process478,144,6,3609
process73,145,7,3611
process49,147,8,3614
process285,151,7,3616
process387,152,8,3619
process426,155,9,3623
process693,155,9,3627
process593,158,6,3628
process107,159,10,3633
process239,159,6,3634
process677,159,10,3639
process219,162,9,3643
process586,164,9,3647
process566,169,8,3650
process93,170,9,3654
process293,170,9,3658
process104,172,9,3662
process226,174,7,3664
process395,180,7,3666
process124,181,10,3671
process135,181,7,3673
process61,182,10,3678
process101,182,7,3680
process202,182,9,3684
process487,182,7,3686
process234,183,7,3688
process31,185,9,3692
process663,187,7,3694
process675,189,9,3698
process267,190,10,3703
process165,194,7,3705
process766,195,7,3707
process39,196,7,3709
process410,197,10,3714
process679,197,7,3716
process337,198,9,3720
process188,199,7,3722
process190,199,6,3723
process178,200,10,3728
process390,200,7,3730
process576,205,10,3735
process496,206,10,3740
process659,207,6,3741
process258,208,8,3744
process179,209,6,3745
process607,213,9,3749
process252,218,8,3752
process255,218,10,3757
process198,219,10,3762
process7,220,10,3767
process256,226,9,3771
process364,228,9,3775
process552,228,7,3777
process223,231,9,3781
process257,231,6,3782
process319,231,9,3786
process249,232,6,3787
process489,233,7,3789
process558,233,6,3790
process346,234,7,3792
process21,235,10,3797
process225,235,6,3798
process328,239,7,3800
process321,240,10,3805
process760,240,8,3808
process384,241,7,3810
process764,242,7,3812
process532,244,8,3815
process361,245,7,3817
process555,247,8,3820
process276,248,8,3823
process69,249,7,3825
process157,249,7,3827
process711,250,6,3828
process3,251,10,3833
process177,253,10,3838
process585,255,9,3842
process261,258,10,3847
process282,259,9,3851
process185,260,10,3856
process525,260,6,3857
process453,264,10,3862
process429,265,8,3865
process497,265,7,3867
process564,265,10,3872
process658,265,9,3876
process511,267,7,3878
process579,267,8,3881
process200,270,6,3882
process211,270,7,3884
process467,270,7,3886
process795,270,8,3889
process162,271,6,3890
process477,273,6,3891
process313,274,9,3895
process557,274,8,3898
process690,274,8,3901
process100,277,7,3903
process136,277,9,3907
process280,277,6,3908
process459,278,6,3909
process389,279,6,3910
process648,280,6,3911
process543,282,10,3916
process227,283,6,3917
process520,283,8,3920
process534,283,6,3921
process672,286,10,3926
process466,288,7,3928
process655,288,10,3933
process77,289,7,3935
process116,289,9,3939
process571,289,6,3940
process546,291,9,3944
process161,292,8,3947
process263,292,9,3951
process292,295,8,3954
process422,295,8,3957
process245,296,7,3959
process438,296,8,3962
process154,300,9,3966
process345,300,8,3969
process88,301,9,3973
process411,302,8,3976
process399,303,7,3978
process703,303,8,3981
process50,305,9,3985
process407,306,8,3988
process465,307,8,3991
process423,310,8,3994
process324,315,7,3996
process336,316,6,3997
process521,317,8,4000
process498,318,8,4003
process506,318,6,4004
process55,319,9,4008
process333,319,7,4010
process203,321,7,4012
process372,321,10,4017
process563,326,8,4020
process696,326,8,4023
process8,327,6,4024
process312,327,8,4027
process317,327,6,4028
process737,330,8,4031
process316,336,7,4033
process592,337,10,4038
process707,337,8,4041
process139,338,7,4043
process492,339,7,4045
process528,339,10,4050
process713,340,8,4053
process608,343,7,4055
process640,344,6,4056
process720,345,7,4058
process554,346,9,4062
process299,351,9,4066
process549,352,8,4069
process597,352,9,4073
process76,353,6,4074
process782,353,7,4076
process125,355,6,4077
process445,355,6,4078
process545,355,8,4081
process567,356,9,4085
process250,358,7,4087
process589,358,6,4088
process440,359,7,4090
process773,361,9,4094
process630,362,10,4099
process244,363,10,4104
process536,365,7,4106
process302,367,6,4107
process719,368,8,4110
process507,369,10,4115
process232,370,10,4120
process381,370,7,4122
process686,370,8,4125
process427,371,9,4129
process578,374,7,4131
process548,375,7,4133
process446,377,10,4138
process509,377,7,4140
process331,378,8,4143
process141,379,7,4145
process500,381,9,4149
process516,381,8,4152
process220,382,9,4156
process310,383,7,4158
process306,386,9,4162
process145,387,9,4166
process214,388,8,4169
process332,389,6,4170
process787,390,10,4175
process414,392,6,4176
process688,393,10,4181
process92,394,10,4186
process329,394,9,4190
process462,395,8,4193
process772,395,8,4196
process96,396,6,4197
process236,397,8,4200
process598,397,8,4203
process268,399,9,4207
process456,399,8,4210
process605,400,6,4211
process36,401,6,4212
process311,401,9,4216
process24,403,10,4221
process424,403,6,4222
process40,404,9,4226
process57,405,8,4229
process13,408,8,4232
process404,410,9,4236
process644,410,8,4239
process172,411,8,4242
process785,411,8,4245
process20,413,8,4248
process464,415,9,4252
process173,419,7,4254
process26,423,6,4255
process199,425,10,4260
process294,427,7,4262
process110,431,6,4263
process189,431,7,4265
process365,431,9,4269
process370,432,6,4270
process767,432,6,4271
process637,434,6,4272
process518,435,8,4275
process25,436,7,4277
process499,438,10,4282
process614,438,10,4287
process488,439,7,4289
process705,443,6,4290
process98,444,7,4292
process59,447,7,4294
process97,447,6,4295
process366,448,8,4298
process761,448,9,4302
process746,449,6,4303
process627,451,8,4306
process94,453,10,4311
process22,454,8,4314
process159,454,9,4318
process651,454,7,4320
process706,455,6,4321
process629,456,7,4323
process303,457,10,4328
process542,457,6,4329
process561,458,7,4331
process155,459,7,4333
process243,460,9,4337
process533,460,8,4340
process660,462,7,4342
process247,463,8,4345
process325,465,10,4350
process619,466,7,4352
process353,467,6,4353
process149,470,6,4354
process699,470,10,4359
process656,472,7,4361
process326,473,8,4364
process156,474,6,4365
process196,474,6,4366
process352,474,10,4371
process118,476,10,4376
process565,476,9,4380
process212,477,9,4384
process493,477,6,4385
process470,479,9,4389
process574,479,6,4390
process778,479,7,4392
process265,480,9,4396
process725,480,6,4397
process736,483,10,4402
process105,484,7,4404
process573,484,10,4409
process674,485,9,4413
process415,487,6,4414
process634,488,9,4418
process641,489,8,4421
process418,490,8,4424
process375,491,7,4426
process430,491,6,4427
process609,491,8,4430
process431,492,6,4431
process732,492,9,4435
process143,495,7,4437
process417,495,7,4439
process442,495,10,4444
process363,496,7,4446
process16,498,6,4447
process753,499,10,4452