name,arrive_time,execution_time,exit_time
process80,0,2,2
process42,1,2,4
process147,3,8,27
process164,5,8,30
process44,17,2,37
process168,6,7,39
process53,21,1,45
process216,22,3,48
process131,23,4,52
process194,8,8,55
process210,27,5,60
process120,28,3,63
process108,15,7,65
process17,35,2,67
process187,35,3,70
process140,42,4,84
process23,20,8,92
process19,44,2,94
process183,44,1,95
process160,54,4,109
process68,57,5,114
process193,58,1,120
process6,60,2,122
process102,64,5,132
process63,65,3,135
process48,66,2,137
process138,67,3,140
process182,71,2,147
process127,36,8,160
process4,77,5,165
process41,41,9,169
process34,81,5,174
process62,43,9,188
process142,95,3,206
process163,95,2,208
process12,96,2,210
process75,52,9,224
process204,101,5,229
process209,102,5,239
process29,53,9,248
process122,118,2,250
process83,57,10,255
process230,119,1,256
process27,123,2,263
process170,62,6,269
process171,129,1,275
process240,134,4,279
process32,138,3,292
process150,141,4,301
process218,142,1,307
process126,143,5,312
process158,144,5,317
process30,69,6,318
process228,148,4,332
process81,73,9,336
process79,152,1,337
process221,152,4,341
process91,74,8,344
process175,157,3,347
process148,161,3,360
process11,172,3,373
process71,172,3,376
process233,172,1,382
process119,174,5,387
process231,177,2,394
process10,82,10,399
process54,182,2,411
process123,86,8,434
process186,187,3,442
process109,188,4,446
process206,191,5,451
process152,90,6,452
process56,94,6,463
process192,94,9,482
process111,209,3,485
process128,96,7,492
process229,218,2,494
process151,98,7,501
process207,220,1,507
process9,227,1,508
process86,231,4,512
process67,102,9,526
process58,234,4,530
process167,234,4,534
process238,104,9,548
process51,245,5,553
process217,247,2,555
process133,253,3,573
process197,260,1,584
process134,120,8,587
process144,264,5,592
process248,264,5,597
process112,266,5,602
process52,124,8,605
process115,127,7,622
process85,280,4,636
process95,135,7,643
process205,284,1,644
process166,287,4,648
process65,136,7,650
process176,289,5,665
process106,141,6,676
process43,297,3,679
process180,300,5,689
process184,304,3,697
process242,304,1,698
process201,141,6,704
process15,317,4,708
process222,321,3,721
process73,145,7,723
process74,326,2,725
process195,326,5,730
process49,147,8,738
process84,333,2,740
process174,336,2,742
process99,337,4,746
process130,341,5,756
process107,159,10,761
process146,352,5,766
process1,353,2,768
process239,159,6,779
process87,359,2,781
process18,360,2,783
process219,162,9,792
process237,369,3,795
process93,170,9,799
process14,373,1,805
process46,373,5,810
process70,374,1,811
process132,378,1,812
process169,378,4,816
process82,379,5,821
process104,172,9,830
process103,386,4,839
process226,174,7,851
process117,393,5,856
process121,400,2,873
process28,401,5,878
process181,402,3,886
process0,403,4,890
process124,181,10,900
process241,406,4,914
process224,407,2,916
process135,181,7,923
process64,409,2,925
process191,414,2,937
process61,182,10,942
process101,182,7,949
process202,182,9,963
process234,183,7,965
process114,432,2,977
process215,437,2,984
process31,185,9,988
process113,443,4,992
process2,446,2,999
process35,446,3,1002
process37,450,5,1017
process78,451,5,1022
process89,456,4,1041
process165,194,7,1043
process129,459,3,1046
process39,196,7,1058
process153,466,4,1067
process188,199,7,1069
process190,199,6,1075
process137,475,2,1087
process246,475,5,1092
process38,476,3,1095
process208,476,2,1102
process45,477,5,1107
process178,200,10,1117
process72,481,3,1120
process235,481,3,1123
process90,482,5,1128
process33,483,4,1132
process66,488,3,1140
process179,209,6,1141
process213,490,4,1145
process60,496,2,1152
process198,219,10,1162
process5,499,2,1164
process47,500,5,1169
process7,220,10,1174
process223,231,9,1178
process249,232,6,1179
process21,235,10,1184
process225,235,6,1185
process69,249,7,1187
process157,249,7,1189
process3,251,10,1194
process177,253,10,1199
process185,260,10,1204
process200,270,6,1205
process211,270,7,1207
process162,271,6,1208
process100,277,7,1210
process136,277,9,1214
process227,283,6,1215
process77,289,7,1217
process116,289,9,1221
process161,292,8,1224
process245,296,7,1226
process154,300,9,1230
process88,301,9,1234
process50,305,9,1238
process55,319,9,1242
process203,321,7,1244
process8,327,6,1245
process139,338,7,1247
process76,353,6,1248
process125,355,6,1249
process244,363,10,1254
process232,370,10,1259
process141,379,7,1261
process220,382,9,1265
process145,387,9,1269
process214,388,8,1272
process92,394,10,1277
process96,396,6,1278
process236,397,8,1281
process36,401,6,1282
process24,403,10,1287
process40,404,9,1291
process57,405,8,1294
process13,408,8,1297
process172,411,8,1300
process20,413,8,1303
process173,419,7,1305
process26,423,6,1306
process199,425,10,1311
process110,431,6,1312
process189,431,7,1314
process25,436,7,1316
process98,444,7,1318
process59,447,7,1320
process97,447,6,1321
process94,453,10,1326
process22,454,8,1329
process159,454,9,1333
process155,459,7,1335
process243,460,9,1339
process247,463,8,1342
process149,470,6,1343
process156,474,6,1344
process196,474,6,1345
process118,476,10,1350
process212,477,9,1354
process105,484,7,1356
process143,495,7,1358
process16,498,6,1359