name,arrive_time,execution_time,exit_time
process80,0,2,2
process42,1,2,9
process458,4,1,15
process421,0,8,33
process147,3,8,51
process44,17,2,63
process408,17,5,68
process448,19,1,79
process164,5,8,82
process53,21,1,88
process443,21,5,93
process216,22,3,96
process131,23,4,100
process168,6,7,107
process454,26,3,110
process480,26,2,112
process210,27,5,117
process120,28,3,125
process330,28,4,134
process455,6,9,138
process420,32,3,141
process17,35,2,148
process187,35,3,151
process194,8,8,159
process140,42,4,173
process481,42,3,176
process392,10,7,178
process19,44,2,185
process183,44,1,186
process259,44,3,189
process298,46,5,199
process471,47,5,204
process494,11,7,206
process160,54,4,230
process254,54,5,235
process108,15,7,242
process68,57,5,247
process193,58,1,253
process401,58,4,262
process6,60,2,264
process354,15,6,265
process102,64,5,280
process495,64,1,281
process63,65,3,284
process48,66,2,286
process476,66,3,294
process138,67,3,297
process182,71,2,304
process428,17,8,317
process4,77,5,332
process283,18,8,335
process34,81,5,340
process339,82,5,350
process320,86,3,363
process23,20,8,366
process373,89,2,368
process284,90,2,375
process432,93,4,404
process435,94,3,422
process142,95,3,425
process163,95,2,427
process12,96,2,429
process473,100,1,450
process204,101,5,455
process291,101,4,459
process209,102,5,469
process288,24,6,485
process287,106,1,491
process122,118,2,503
process362,118,2,505
process419,118,3,508
process230,119,1,509
process485,27,8,522
process27,123,2,524
process341,128,5,554
process425,128,1,555
process171,129,1,556
process251,28,10,561
process304,132,5,566
process359,133,5,571
process240,134,4,575
process386,135,2,587
process289,136,3,595
process483,136,5,600
process32,138,3,603
process469,139,3,606
process150,141,4,615
process218,142,1,621
process126,143,5,626
process158,144,5,636
process379,34,6,647
process228,148,4,656
process79,152,1,662
process221,152,4,666
process323,152,5,671
process127,36,8,684
process175,157,3,687
process475,159,4,701
process148,161,3,704
process253,161,2,706
process383,163,1,712
process41,41,9,716
process290,41,7,718
process461,171,5,733
process11,172,3,736
process71,172,3,739
process233,172,1,745
process119,174,5,750
process231,177,2,757
process394,179,4,761
process343,180,4,765
process54,182,2,782
process62,43,9,806
process451,183,5,816
process270,185,1,822
process186,187,3,825
process109,188,4,829
process206,191,5,839
process301,45,6,840
process278,204,4,884
process307,204,5,889
process111,209,3,902
process356,49,8,910
process398,215,3,913
process393,49,10,918
process229,218,2,920
process207,220,1,941
process409,220,3,944
process75,52,9,948
process388,221,1,949
process29,53,9,953
process9,227,1,959
process351,227,5,964
process391,227,5,969
process397,227,1,970
process86,231,4,979
process402,232,5,1004
process58,234,4,1013
process167,234,4,1017
process335,239,3,1040
process447,55,7,1042
process51,245,5,1057
process217,247,2,1064
process83,57,10,1089
process133,253,3,1092
process412,254,4,1101
process277,58,7,1103
process279,258,1,1109
process197,260,1,1120
process144,264,5,1125
process248,264,5,1130
process112,266,5,1150
process358,268,3,1153
process396,269,1,1154
process262,61,10,1159
process315,271,3,1182
process170,62,6,1193
process490,275,2,1195
process327,278,2,1212
process439,278,1,1213
process85,280,4,1227
process405,281,3,1230
process205,284,1,1236
process166,287,4,1240
process378,287,5,1245
process176,289,5,1265
process403,66,10,1270
process479,293,3,1283
process286,294,3,1286
process43,297,3,1309
process272,297,2,1311
process367,298,4,1315
process180,300,5,1325
process30,69,6,1336
process300,303,2,1343
process184,304,3,1351
process242,304,1,1352
process334,71,6,1368
process371,311,1,1374
process449,72,9,1378
process15,317,4,1392
process348,317,5,1397
process222,321,3,1420
process81,73,9,1429
process482,324,2,1431
process74,326,2,1433
process195,326,5,1438
process91,74,8,1441
process84,333,2,1458
process468,334,5,1463
process174,336,2,1465
process260,336,2,1467
process305,336,1,1468
process344,336,2,1475
process99,337,4,1479
process308,340,4,1493
process374,340,5,1498
process130,341,5,1503
process10,82,10,1508
process146,352,5,1518
process472,352,2,1520
process1,353,2,1522
process436,84,10,1532
process382,355,1,1538
process437,355,2,1540
process406,358,4,1554
process87,359,2,1556
process123,86,8,1564
process18,360,2,1566
process271,361,3,1569
process369,364,1,1575
process281,366,4,1579
process237,369,3,1587
process452,369,4,1591
process152,90,6,1607
process14,373,1,1608
process46,373,5,1613
process70,374,1,1614
process132,378,1,1620
process169,378,4,1624
process82,379,5,1634
process357,90,9,1643
process338,381,4,1647
process377,381,3,1650
process309,384,5,1665
process385,91,8,1668
process103,386,4,1672
process400,388,3,1690
process368,92,10,1700
process433,390,3,1703
process117,393,5,1713
process450,92,7,1725
process350,93,9,1754
process121,400,2,1756
process318,400,3,1759
process376,400,5,1764
process28,401,5,1769
process181,402,3,1782
process0,403,4,1786
process241,406,4,1810
process224,407,2,1812
process340,407,3,1815
process56,94,6,1821
process64,409,2,1823
process274,409,2,1825
process192,94,9,1844
process191,414,2,1846
process296,415,2,1848
process322,415,3,1851
process491,416,4,1860
process347,94,8,1863
process474,420,1,1869
process463,426,1,1880
process416,427,3,1888
process114,432,2,1905
process128,96,7,1912
process215,437,2,1919
process151,98,7,1926
process113,443,4,1935
process295,99,8,1938
process413,444,1,1944
process342,445,5,1949
process2,446,2,1951
process35,446,3,1954
process264,100,10,1974
process37,450,5,1979
process78,451,5,1984
process355,451,3,1987
process89,456,4,2006
process444,458,5,2016
process129,459,3,2019
process484,463,5,2039
process67,102,9,2043
process153,466,4,2052
process266,103,6,2068
process137,475,2,2085
process246,475,5,2090
process38,476,3,2093
process208,476,2,2100
process45,477,5,2105
process297,103,6,2116
process72,481,3,2129
process235,481,3,2132
process269,481,3,2135
process90,482,5,2140
process349,482,4,2144
process33,483,4,2148
process238,104,9,2152
process66,488,3,2165
process441,105,6,2166
process213,490,4,2170
process275,491,4,2179
process380,108,10,2214
process60,496,2,2216
process5,499,2,2228
process47,500,5,2233
process434,110,10,2238
process457,119,6,2239
process134,120,8,2242
process273,123,7,2244
process52,124,8,2247
process486,124,7,2249
process115,127,7,2251
process460,127,7,2253
process314,134,7,2255
process95,135,7,2257
process65,136,7,2259
process106,141,6,2260
process201,141,6,2261
process360,143,8,2264
process478,144,6,2265
process73,145,7,2267
process49,147,8,2270
process285,151,7,2272
process387,152,8,2275
process426,155,9,2279
process107,159,10,2284
process239,159,6,2285
process219,162,9,2289
process93,170,9,2293
process293,170,9,2297
process104,172,9,2301
process226,174,7,2303
process395,180,7,2305
process124,181,10,2310
process135,181,7,2312
process61,182,10,2317
process101,182,7,2319
process202,182,9,2323
process487,182,7,2325
process234,183,7,2327
process31,185,9,2331
process267,190,10,2336
process165,194,7,2338
process39,196,7,2340
process410,197,10,2345
process337,198,9,2349
process188,199,7,2351
process190,199,6,2352
process178,200,10,2357
process390,200,7,2359
process496,206,10,2364
process258,208,8,2367
process179,209,6,2368
process252,218,8,2371
process255,218,10,2376
process198,219,10,2381
process7,220,10,2386
process256,226,9,2390
process364,228,9,2394
process223,231,9,2398
process257,231,6,2399
process319,231,9,2403
process249,232,6,2404
process489,233,7,2406
process346,234,7,2408
process21,235,10,2413
process225,235,6,2414
process328,239,7,2416
process321,240,10,2421
process384,241,7,2423
process361,245,7,2425
process276,248,8,2428
process69,249,7,2430
process157,249,7,2432
process3,251,10,2437
process177,253,10,2442
process261,258,10,2447
process282,259,9,2451
process185,260,10,2456
process453,264,10,2461
process429,265,8,2464
process497,265,7,2466
process200,270,6,2467
process211,270,7,2469
process467,270,7,2471
process162,271,6,2472
process477,273,6,2473
process313,274,9,2477
process100,277,7,2479
process136,277,9,2483
process280,277,6,2484
process459,278,6,2485
process389,279,6,2486
process227,283,6,2487
process466,288,7,2489
process77,289,7,2491
process116,289,9,2495
process161,292,8,2498
process263,292,9,2502
process292,295,8,2505
process422,295,8,2508
process245,296,7,2510
process438,296,8,2513
process154,300,9,2517
process345,300,8,2520
process88,301,9,2524
process411,302,8,2527
process399,303,7,2529
process50,305,9,2533
process407,306,8,2536
process465,307,8,2539
process423,310,8,2542
process324,315,7,2544
process336,316,6,2545
process498,318,8,2548
process55,319,9,2552
process333,319,7,2554
process203,321,7,2556
process372,321,10,2561
process8,327,6,2562
process312,327,8,2565
process317,327,6,2566
process316,336,7,2568
process139,338,7,2570
process492,339,7,2572
process299,351,9,2576
process76,353,6,2577
process125,355,6,2578
process445,355,6,2579
process250,358,7,2581
process440,359,7,2583
process244,363,10,2588
process302,367,6,2589
process232,370,10,2594
process381,370,7,2596
process427,371,9,2600
process446,377,10,2605
process331,378,8,2608
process141,379,7,2610
process220,382,9,2614
process310,383,7,2616
process306,386,9,2620
process145,387,9,2624
process214,388,8,2627
process332,389,6,2628
process414,392,6,2629
process92,394,10,2634
process329,394,9,2638
process462,395,8,2641
process96,396,6,2642
process236,397,8,2645
process268,399,9,2649
process456,399,8,2652
process36,401,6,2653
process311,401,9,2657
process24,403,10,2662
process424,403,6,2663
process40,404,9,2667
process57,405,8,2670
process13,408,8,2673
process404,410,9,2677
process172,411,8,2680
process20,413,8,2683
process464,415,9,2687
process173,419,7,2689
process26,423,6,2690
process199,425,10,2695
process294,427,7,2697
process110,431,6,2698
process189,431,7,2700
process365,431,9,2704
process370,432,6,2705
process25,436,7,2707
process499,438,10,2712
process488,439,7,2714
process98,444,7,2716
process59,447,7,2718
process97,447,6,2719
process366,448,8,2722
process94,453,10,2727
process22,454,8,2730
process159,454,9,2734
process303,457,10,2739
process155,459,7,2741
process243,460,9,2745
process247,463,8,2748
process325,465,10,2753
process353,467,6,2754
process149,470,6,2755
process326,473,8,2758
process156,474,6,2759
process196,474,6,2760
process352,474,10,2765
process118,476,10,2770
process212,477,9,2774
process493,477,6,2775
process470,479,9,2779
process265,480,9,2783
process105,484,7,2785
process415,487,6,2786
process418,490,8,2789
process375,491,7,2791
process430,491,6,2792
process431,492,6,2793
process143,495,7,2795
process417,495,7,2797
process442,495,10,2802
process363,496,7,2804
process16,498,6,2805