name,arrive_time,execution_time,exit_time
process80,0,2,2
process42,1,2,9
process874,1,4,18
process745,3,1,29
process458,4,1,30
process636,6,5,50
process421,0,8,58
process768,10,2,75
process771,10,2,77
process813,10,1,78
process776,11,4,92
process765,1,6,98
process625,14,5,103
process983,15,3,126
process44,17,2,133
process408,17,5,138
process448,19,1,149
process503,19,1,150
process694,19,1,151
process759,19,4,155
process913,19,3,158
process53,21,1,164
process443,21,5,169
process683,21,2,171
process216,22,3,174
process610,22,1,175
process681,22,5,180
process147,3,8,188
process131,23,4,192
process926,23,3,200
process906,24,4,214
process454,26,3,217
process480,26,2,219
process210,27,5,224
process620,3,6,230
process120,28,3,233
process330,28,4,242
process647,28,1,243
process792,28,2,245
process717,30,4,254
process547,31,2,256
process670,31,2,258
process420,32,3,261
process164,5,8,279
process17,35,2,281
process187,35,3,284
process912,35,1,285
process909,36,5,300
process950,36,3,303
process869,37,1,304
process510,38,4,318
process502,39,4,322
process527,39,4,326
process168,6,7,333
process140,42,4,357
process481,42,3,360
process603,43,4,369
process19,44,2,371
process183,44,1,372
process259,44,3,375
process455,6,9,379
process298,46,5,394
process471,47,5,399
process848,48,3,402
process628,49,5,417
process661,49,1,418
process777,49,3,421
process522,50,2,428
process743,52,4,437
process929,52,4,446
process575,53,4,455
process160,54,4,464
process254,54,5,469
process742,6,8,477
process664,56,3,485
process932,56,1,486
process68,57,5,491
process788,57,1,497
process193,58,1,498
process401,58,4,507
process6,60,2,514
process824,62,4,543
process194,8,8,546
process102,64,5,566
process495,64,1,567
process63,65,3,575
process747,65,5,580
process48,66,2,587
process476,66,3,595
process517,66,1,596
process138,67,3,604
process587,67,3,607
process599,67,3,610
process604,8,9,614
process182,71,2,631
process392,10,7,653
process865,73,1,659
process769,74,4,678
process657,75,5,683
process4,77,5,693
process612,79,2,700
process860,80,1,701
process34,81,5,706
process515,81,4,710
process802,81,4,719
process339,82,5,734
process494,11,7,746
process796,83,4,750
process793,85,1,761
process951,85,3,764
process320,86,3,772
process519,11,9,776
process373,89,2,778
process284,90,2,795
process911,90,5,805
process432,93,4,839
process435,94,3,862
process846,94,5,867
process142,95,3,870
process163,95,2,872
process12,96,2,879
process662,12,6,885
process872,98,2,902
process473,100,1,913
process204,101,5,918
process291,101,4,922
process209,102,5,932
process709,105,1,968
process287,106,1,969
process702,14,6,970
process108,15,7,987
process354,15,6,1013
process122,118,2,1015
process362,118,2,1017
process419,118,3,1020
process230,119,1,1026
process851,119,1,1032
process794,120,4,1041
process809,120,1,1042
process806,121,3,1045
process685,122,4,1054
process839,122,2,1061
process898,15,9,1065
process27,123,2,1067
process601,127,3,1100
process341,128,5,1105
process425,128,1,1106
process864,128,2,1108
process171,129,1,1109
process692,129,5,1114
process988,16,6,1115
process862,131,1,1116
process304,132,5,1121
process893,132,1,1122
process359,133,5,1132
process240,134,4,1136
process386,135,2,1153
process289,136,3,1161
process483,136,5,1166
process544,137,2,1173
process32,138,3,1181
process880,138,1,1182
process889,138,5,1187
process469,139,3,1190
process150,141,4,1199
process540,141,5,1209
process667,141,5,1214
process218,142,1,1230
process428,17,8,1233
process126,143,5,1238
process158,144,5,1248
process283,18,8,1271
process228,148,4,1275
process79,152,1,1281
process221,152,4,1285
process323,152,5,1290
process551,152,3,1298
process588,152,2,1300
process729,152,4,1304
process539,154,4,1313
process826,154,5,1318
process665,155,5,1333
process175,157,3,1346
process475,159,4,1365
process639,159,3,1368
process148,161,3,1376
process253,161,2,1378
process594,162,4,1387
process23,20,8,1390
process383,163,1,1391
process841,163,2,1393
process858,163,3,1396
process635,164,1,1402
process671,164,1,1403
process758,166,5,1408
process982,169,1,1414
process461,171,5,1429
process11,172,3,1432
process71,172,3,1435
process233,172,1,1441
process668,173,2,1443
process119,174,5,1453
process775,174,3,1461
process821,174,2,1463
process618,175,2,1475
process992,175,5,1480
process827,176,5,1485
process231,177,2,1487
process774,178,2,1489
process394,179,4,1493
process501,179,5,1498
process343,180,4,1502
process54,182,2,1519
process451,183,5,1554
process666,184,3,1557
process837,22,6,1558
process270,185,1,1564
process186,187,3,1567
process109,188,4,1576
process582,188,1,1577
process974,190,5,1597
process206,191,5,1602
process624,191,1,1603
process801,192,5,1608
process581,23,7,1635
process716,197,4,1649
process714,198,5,1659
process602,201,2,1691
process834,201,2,1693
process885,201,3,1696
process984,201,4,1700
process749,202,5,1705
process278,204,4,1709
process307,204,5,1714
process288,24,6,1715
process970,206,3,1738
process816,207,3,1746
process935,207,5,1751
process111,209,3,1759
process996,209,2,1766
process875,24,8,1769
process979,213,4,1778
process398,215,3,1781
process229,218,2,1788
process738,218,1,1799
process748,218,4,1803
process207,220,1,1814
process409,220,3,1817
process388,221,1,1818
process669,221,1,1819
process504,223,3,1827
process623,223,4,1831
process718,226,5,1846
process9,227,1,1847
process351,227,5,1852
process391,227,5,1857
process397,227,1,1858
process949,227,3,1861
process485,27,8,1874
process697,229,4,1878
process86,231,4,1882
process969,231,2,1899
process402,232,5,1909
process823,232,1,1910
process58,234,4,1924
process167,234,4,1928
process526,237,3,1951
process251,28,10,1956
process335,239,3,1964
process886,239,1,1965
process508,240,4,1974
process744,240,2,1976
process752,244,4,2005
process51,245,5,2010
process217,247,2,2017
process678,249,1,2038
process835,28,6,2039
process632,252,5,2054
process740,252,1,2055
process133,253,3,2063
process412,254,4,2072
process798,257,1,2083
process943,257,4,2087
process279,258,1,2093
process750,259,2,2100
process197,260,1,2106
process569,261,5,2116
process854,262,4,2120
process754,263,1,2121
process144,264,5,2131
process248,264,5,2136
process757,265,5,2166
process379,34,6,2167
process112,266,5,2172
process843,267,4,2186
process358,268,3,2189
process396,269,1,2190
process779,270,3,2213
process553,34,6,2219
process315,271,3,2227
process870,273,1,2233
process638,274,3,2246
process490,275,2,2253
process650,34,6,2254
process606,277,1,2270
process327,278,2,2272
process439,278,1,2273
process972,279,2,2290
process85,280,4,2294
process405,281,3,2302
process205,284,1,2323
process513,284,4,2327
process763,286,3,2335
process166,287,4,2339
process378,287,5,2344
process645,287,5,2349
process920,288,1,2365
process176,289,5,2380
process127,36,8,2393
process568,291,3,2401
process572,291,4,2405
process783,291,1,2406
process524,292,4,2420
process479,293,3,2423
process286,294,3,2426
process600,36,7,2428
process687,295,4,2442
process43,297,3,2455
process272,297,2,2457
process367,298,4,2461
process682,298,3,2464
process180,300,5,2479
process300,303,2,2511
process184,304,3,2524
process242,304,1,2525
process626,304,5,2530
process570,305,4,2539
process762,305,4,2543
process896,37,8,2571
process371,311,1,2577
process892,313,3,2580
process991,37,7,2582
process914,314,2,2584
process615,316,4,2598
process15,317,4,2602
process348,317,5,2607
process541,318,3,2625
process903,319,4,2639
process222,321,3,2647
process897,323,1,2658
process482,324,2,2660
process74,326,2,2672
process195,326,5,2677
process934,328,4,2711
process971,330,4,2720
process710,39,10,2725
process84,333,2,2727
process739,333,4,2731
process468,334,5,2736
process560,334,5,2741
process836,334,3,2744
process174,336,2,2751
process260,336,2,2753
process305,336,1,2754
process344,336,2,2761
process99,337,4,2770
process550,337,1,2771
process731,337,1,2782
process505,40,8,2785
process613,338,3,2793
process308,340,4,2812
process374,340,5,2817
process130,341,5,2827
process899,341,1,2828
process980,40,8,2831
process41,41,9,2860
process917,348,4,2869
process832,349,3,2877
process146,352,5,2892
process472,352,2,2894
process290,41,7,2906
process1,353,2,2908
process998,354,1,2919
process382,355,1,2925
process437,355,2,2927
process698,356,3,2945
process406,358,4,2954
process87,359,2,2961
process18,360,2,2968
process271,361,3,2976
process369,364,1,2992
process62,43,9,2996
process281,366,4,3005
process952,367,3,3023
process237,369,3,3031
process452,369,4,3035
process14,373,1,3061
process46,373,5,3066
process807,373,3,3069
process70,374,1,3070
process741,375,1,3081
process132,378,1,3092
process169,378,4,3096
process724,378,4,3105
process797,378,4,3109
process82,379,5,3119
process733,380,2,3131
process338,381,4,3135
process377,381,3,3138
process301,45,6,3164
process309,384,5,3169
process577,385,1,3170
process103,386,4,3174
process400,388,3,3192
process531,45,7,3194
process915,389,5,3204
process433,390,3,3207
process789,390,1,3213
process799,392,2,3220
process117,393,5,3225
process643,395,2,3247
process928,395,4,3256
process712,398,2,3273
process514,399,3,3286
process121,400,2,3288
process318,400,3,3291
process376,400,5,3296
process28,401,5,3306
process924,401,4,3320
process181,402,3,3328
process0,403,4,3332
process700,403,3,3345
process241,406,4,3364
process356,49,8,3367
process224,407,2,3369
process340,407,3,3372
process64,409,2,3379
process274,409,2,3381
process393,49,10,3411
process191,414,2,3418
process590,414,5,3423
process296,415,2,3425
process322,415,3,3428
process646,415,2,3435
process735,415,1,3436
process491,416,4,3440
process474,420,1,3451
process808,421,5,3456
process857,422,3,3464
process815,423,5,3474
process905,49,9,3493
process463,426,1,3494
process416,427,3,3507
process727,428,2,3514
process955,428,5,3519
process755,429,5,3524
process512,430,3,3527
process642,431,3,3545
process114,432,2,3547
process684,432,4,3556
process75,52,9,3570
process817,436,5,3600
process215,437,2,3602
process812,52,8,3620
process113,443,4,3629
process413,444,1,3640
process342,445,5,3645
process2,446,2,3647
process35,446,3,3650
process695,446,4,3654
process844,447,4,3668
process673,448,3,3676
process814,449,1,3687
process37,450,5,3692
process29,53,9,3696
process78,451,5,3701
process355,451,3,3704
process704,451,5,3714
process948,452,4,3723
process715,454,2,3745
process89,456,4,3754
process535,456,2,3756
process855,456,1,3762
process444,458,5,3777
process129,459,3,3790
process622,459,5,3800
process849,53,10,3805
process562,461,4,3819
process631,461,5,3824
process484,463,5,3839
process927,463,3,3847
process791,465,1,3853
process153,466,4,3857
process676,466,4,3866
process800,466,3,3869
process940,467,1,3880
process652,470,1,3891
process868,471,5,3901
process721,473,1,3912
process953,54,8,3915
process137,475,2,3932
process246,475,5,3937
process38,476,3,3940
process208,476,2,3947
process45,477,5,3957
process649,477,5,3972
process916,478,5,3977
process72,481,3,4015
process235,481,3,4018
process269,481,3,4021
process447,55,7,4023
process90,482,5,4028
process349,482,4,4032
process584,482,3,4035
process33,483,4,4044
process591,483,2,4046
process786,484,1,4062
process891,484,1,4068
process66,488,3,4091
process213,490,4,4105
process275,491,4,4114
process559,491,4,4128
process805,495,3,4171
process83,57,10,4176
process60,496,2,4178
process922,498,3,4196
process5,499,2,4203
process919,499,1,4209
process47,500,5,4214
process904,500,4,4218
process277,58,7,4225
process530,58,9,4229
process262,61,10,4234
process596,61,9,4238
process611,61,7,4240
process170,62,6,4241
process691,62,7,4243
process538,63,8,4246
process556,63,8,4249
process728,63,9,4253
process986,64,6,4254
process845,65,6,4255
process403,66,10,4260
process722,66,10,4265
process708,68,6,4266
process751,68,10,4271
process30,69,6,4272
process334,71,6,4273
process523,71,8,4276
process449,72,9,4280
process726,72,10,4285
process81,73,9,4289
process91,74,8,4292
process617,74,6,4293
process654,74,6,4294
process756,75,6,4295
process890,77,8,4298
process723,81,8,4301
process975,81,7,4303
process10,82,10,4308
process653,82,7,4310
process957,82,9,4314
process436,84,10,4319
process616,84,7,4321
process123,86,8,4324
process583,89,6,4325
process859,89,6,4326
process152,90,6,4327
process357,90,9,4331
process385,91,8,4334
process580,91,9,4338
process784,91,9,4342
process368,92,10,4347
process450,92,7,4349
process350,93,9,4353
process907,93,8,4356
process56,94,6,4357
process192,94,9,4361
process347,94,8,4364
process947,95,6,4365
process128,96,7,4367
process633,97,10,4372
process151,98,7,4374
process840,98,7,4376
process295,99,8,4379
process264,100,10,4384
process67,102,9,4388
process847,102,7,4390
process266,103,6,4391
process297,103,6,4392
process238,104,9,4396
process529,104,9,4400
process441,105,6,4401
process537,105,9,4405
process380,108,10,4410
process434,110,10,4415
process770,111,9,4419
process689,113,9,4423
process730,115,6,4424
process734,115,9,4428
process780,115,8,4431
process595,116,6,4432
process781,118,7,4434
process457,119,6,4435
process134,120,8,4438
process936,121,8,4441
process790,122,9,4445
process273,123,7,4447
process52,124,8,4450
process486,124,7,4452
process967,124,7,4454
process115,127,7,4456
process460,127,7,4458
process987,132,7,4460
process314,134,7,4462
process621,134,8,4465
process95,135,7,4467
process65,136,7,4469
process680,136,6,4470
process995,137,9,4474
process106,141,6,4475
process201,141,6,4476
process701,141,9,4480
process810,141,8,4483
process852,141,10,4488
process360,143,8,4491
process478,144,6,4492
process73,145,7,4494
process811,145,8,4497
process49,147,8,4500
process285,151,7,4502
process387,152,8,4505
process985,152,9,4509
process931,154,9,4513
process426,155,9,4517
process693,155,9,4521
process918,156,10,4526
process593,158,6,4527
process107,159,10,4532
process239,159,6,4533
process677,159,10,4538
process219,162,9,4542
process586,164,9,4546
process566,169,8,4549
process93,170,9,4553
process293,170,9,4557
process104,172,9,4561
process999,173,9,4565
process226,174,7,4567
process966,174,8,4570
process977,174,8,4573
process395,180,7,4575
process124,181,10,4580
process135,181,7,4582
process61,182,10,4587
process101,182,7,4589
process202,182,9,4593
process487,182,7,4595
process853,182,9,4599
process234,183,7,4601
process31,185,9,4605
process663,187,7,4607
process675,189,9,4611
process267,190,10,4616
process965,190,9,4620
process968,192,8,4623
process829,193,8,4626
process165,194,7,4628
process766,195,7,4630
process39,196,7,4632
process410,197,10,4637
process679,197,7,4639
process337,198,9,4643
process188,199,7,4645
process190,199,6,4646
process908,199,7,4648
process178,200,10,4653
process390,200,7,4655
process900,200,8,4658
process576,205,10,4663
process822,205,9,4667
process888,205,6,4668
process496,206,10,4673
process659,207,6,4674
process258,208,8,4677
process179,209,6,4678
process607,213,9,4682
process850,216,9,4686
process252,218,8,4689
process255,218,10,4694
process198,219,10,4699
process7,220,10,4704
process997,221,6,4705
process873,223,9,4709
process256,226,9,4713
process364,228,9,4717
process552,228,7,4719
process223,231,9,4723
process257,231,6,4724
process319,231,9,4728
process249,232,6,4729
process489,233,7,4731
process558,233,6,4732
process346,234,7,4734
process804,234,9,4738
process21,235,10,4743
process225,235,6,4744
process328,239,7,4746
process321,240,10,4751
process760,240,8,4754
process887,240,9,4758
process384,241,7,4760
process764,242,7,4762
process532,244,8,4765
process361,245,7,4767
process555,247,8,4770
process276,248,8,4773
process69,249,7,4775
process157,249,7,4777
process711,250,6,4778
process3,251,10,4783
process863,252,6,4784
process177,253,10,4789
process871,254,10,4794
process585,255,9,4798
process261,258,10,4803
process282,259,9,4807
process185,260,10,4812
process525,260,6,4813
process925,263,10,4818
process453,264,10,4823
process429,265,8,4826
process497,265,7,4828
process564,265,10,4833
process658,265,9,4837
process511,267,7,4839
process579,267,8,4842
process990,269,10,4847
process200,270,6,4848
process211,270,7,4850
process467,270,7,4852
process795,270,8,4855
process162,271,6,4856
process477,273,6,4857
process313,274,9,4861
process557,274,8,4864
process690,274,8,4867
process100,277,7,4869
process136,277,9,4873
process280,277,6,4874
process459,278,6,4875
process894,278,8,4878
process389,279,6,4879
process648,280,6,4880
process543,282,10,4885
process227,283,6,4886
process520,283,8,4889
process534,283,6,4890
process672,286,10,4895
process867,287,10,4900
process466,288,7,4902
process655,288,10,4907
process77,289,7,4909
process116,289,9,4913
process571,289,6,4914
process941,289,7,4916
process546,291,9,4920
process161,292,8,4923
process263,292,9,4927
process292,295,8,4930
process422,295,8,4933
process245,296,7,4935
process438,296,8,4938
process833,299,8,4941
process154,300,9,4945
process345,300,8,4948
process942,300,7,4950
process963,300,6,4951
process88,301,9,4955
process901,301,10,4960
process411,302,8,4963
process399,303,7,4965
process703,303,8,4968
process50,305,9,4972
process407,306,8,4975
process976,306,6,4976
process994,306,6,4977
process465,307,8,4980
process962,307,8,4983
process423,310,8,4986
process324,315,7,4988
process336,316,6,4989
process521,317,8,4992
process498,318,8,4995
process506,318,6,4996
process55,319,9,5000
process333,319,7,5002
process203,321,7,5004
process372,321,10,5009
process881,323,7,5011
process937,325,9,5015
process956,325,7,5017
process563,326,8,5020
process696,326,8,5023
process939,326,8,5026
process8,327,6,5027
process312,327,8,5030
process317,327,6,5031
process737,330,8,5034
process923,334,9,5038
process316,336,7,5040
process819,336,10,5045
process592,337,10,5050
process707,337,8,5053
process139,338,7,5055
process964,338,7,5057
process492,339,7,5059
process528,339,10,5064
process713,340,8,5067
process608,343,7,5069
process640,344,6,5070
process978,344,10,5075
process720,345,7,5077
process554,346,9,5081
process879,348,6,5082
process973,348,10,5087
process299,351,9,5091
process831,351,6,5092
process549,352,8,5095
process597,352,9,5099
process76,353,6,5100
process782,353,7,5102
process125,355,6,5103
process445,355,6,5104
process545,355,8,5107
process567,356,9,5111
process250,358,7,5113
process589,358,6,5114
process440,359,7,5116
process883,360,9,5120
process773,361,9,5124
process630,362,10,5129
process244,363,10,5134
process536,365,7,5136
process921,366,9,5140
process993,366,7,5142
process302,367,6,5143
process719,368,8,5146
process507,369,10,5151
process232,370,10,5156
process381,370,7,5158
process686,370,8,5161
process427,371,9,5165
process578,374,7,5167
process548,375,7,5169
process446,377,10,5174
process509,377,7,5176
process331,378,8,5179
process930,378,8,5182
process141,379,7,5184
process856,379,9,5188
process500,381,9,5192
process516,381,8,5195
process220,382,9,5199
process866,382,8,5202
process310,383,7,5204
process306,386,9,5208
process145,387,9,5212
process214,388,8,5215
process332,389,6,5216
process787,390,10,5221
process414,392,6,5222
process688,393,10,5227
process92,394,10,5232
process329,394,9,5236
process462,395,8,5239
process772,395,8,5242
process96,396,6,5243
process236,397,8,5246
process598,397,8,5249
process268,399,9,5253
process456,399,8,5256
process605,400,6,5257
process36,401,6,5258
process311,401,9,5262
process938,401,10,5267
process24,403,10,5272
process424,403,6,5273
process40,404,9,5277
process57,405,8,5280
process954,405,9,5284
process13,408,8,5287
process981,409,9,5291
process404,410,9,5295
process644,410,8,5298
process172,411,8,5301
process785,411,8,5304
process20,413,8,5307
process464,415,9,5311
process877,416,6,5312
process173,419,7,5314
process830,421,9,5318
process26,423,6,5319
process884,423,9,5323
process910,423,10,5328
process199,425,10,5333
process961,426,9,5337
process294,427,7,5339
process959,427,10,5344
process110,431,6,5345
process189,431,7,5347
process365,431,9,5351
process370,432,6,5352
process767,432,6,5353
process825,432,7,5355
process820,433,7,5357
process637,434,6,5358
process958,434,9,5362
process518,435,8,5365
process25,436,7,5367
process499,438,10,5372
process614,438,10,5377
process488,439,7,5379
process895,442,10,5384
process705,443,6,5385
process98,444,7,5387
process59,447,7,5389
process97,447,6,5390
process366,448,8,5393
process761,448,9,5397
process746,449,6,5398
process627,451,8,5401
process876,452,6,5402
process94,453,10,5407
process22,454,8,5410
process159,454,9,5414
process651,454,7,5416
process706,455,6,5417
process629,456,7,5419
process303,457,10,5424
process542,457,6,5425
process561,458,7,5427
process818,458,7,5429
process155,459,7,5431
process243,460,9,5435
process533,460,8,5438
process660,462,7,5440
process247,463,8,5443
process882,463,7,5445
process325,465,10,5450
process619,466,7,5452
process902,466,8,5455
process353,467,6,5456
process861,469,6,5457
process149,470,6,5458
process699,470,10,5463
process656,472,7,5465
process326,473,8,5468
process156,474,6,5469
process196,474,6,5470
process352,474,10,5475
process118,476,10,5480
process565,476,9,5484
process212,477,9,5488
process493,477,6,5489
process470,479,9,5493
process574,479,6,5494
process778,479,7,5496
process838,479,6,5497
process842,479,6,5498
process265,480,9,5502
process725,480,6,5503
process945,482,9,5507
process736,483,10,5512
process105,484,7,5514
process573,484,10,5519
process878,484,8,5522
process674,485,9,5526
process933,485,6,5527
process946,486,7,5529
process415,487,6,5530
process634,488,9,5534
process641,489,8,5537
process418,490,8,5540
process375,491,7,5542
process430,491,6,5543
process609,491,8,5546
process431,492,6,5547
process732,492,9,5551
process944,492,9,5555
process828,494,9,5559
process143,495,7,5561
process417,495,7,5563
process442,495,10,5568
process363,496,7,5570
process16,498,6,5571
process803,498,6,5572
process989,498,10,5577
process753,499,10,5582
process960,500,9,5586