name,arrive_time,execution_time,exit_time
process80,0,2,2
process42,1,2,9
process458,4,1,20
process636,6,5,40
process421,0,8,43
process147,3,8,76
process625,14,5,81
process44,17,2,93
process408,17,5,98
process620,3,6,109
process448,19,1,110
process503,19,1,111
process694,19,1,112
process53,21,1,118
process443,21,5,123
process683,21,2,125
process216,22,3,128
process610,22,1,129
process681,22,5,134
process131,23,4,138
process164,5,8,151
process454,26,3,154
process480,26,2,156
process210,27,5,161
process120,28,3,169
process330,28,4,178
process647,28,1,179
process168,6,7,181
process547,31,2,183
process670,31,2,185
process420,32,3,188
process455,6,9,207
process17,35,2,209
process187,35,3,212
process510,38,4,226
process502,39,4,230
process527,39,4,234
process140,42,4,253
process481,42,3,256
process603,43,4,265
process19,44,2,267
process183,44,1,268
process259,44,3,271
process298,46,5,286
process471,47,5,291
process194,8,8,294
process628,49,5,309
process661,49,1,310
process522,50,2,312
process604,8,9,321
process575,53,4,330
process160,54,4,334
process254,54,5,339
process664,56,3,347
process68,57,5,352
process392,10,7,359
process193,58,1,360
process401,58,4,369
process6,60,2,376
process494,11,7,403
process102,64,5,418
process495,64,1,419
process63,65,3,422
process48,66,2,424
process476,66,3,432
process517,66,1,433
process138,67,3,436
process587,67,3,439
process599,67,3,442
process519,11,9,446
process182,71,2,453
process662,12,6,469
process657,75,5,494
process4,77,5,499
process612,79,2,501
process34,81,5,506
process515,81,4,510
process339,82,5,520
process108,15,7,537
process320,86,3,545
process373,89,2,547
process284,90,2,559
process354,15,6,565
process432,93,4,594
process435,94,3,612
process142,95,3,615
process163,95,2,617
process12,96,2,619
process473,100,1,645
process204,101,5,650
process291,101,4,654
process209,102,5,664
process428,17,8,667
process287,106,1,698
process283,18,8,701
process23,20,8,724
process122,118,2,726
process362,118,2,728
process419,118,3,731
process230,119,1,732
process685,122,4,746
process27,123,2,748
process601,127,3,776
process341,128,5,781
process425,128,1,782
process171,129,1,783
process692,129,5,788
process304,132,5,793
process359,133,5,798
process240,134,4,802
process386,135,2,819
process289,136,3,827
process483,136,5,832
process544,137,2,839
process32,138,3,842
process469,139,3,845
process150,141,4,854
process540,141,5,864
process667,141,5,869
process218,142,1,870
process581,23,7,872
process126,143,5,877
process158,144,5,887
process288,24,6,903
process228,148,4,907
process79,152,1,913
process221,152,4,917
process323,152,5,922
process551,152,3,930
process588,152,2,932
process539,154,4,936
process665,155,5,946
process175,157,3,954
process475,159,4,973
process639,159,3,976
process148,161,3,984
process253,161,2,986
process594,162,4,995
process383,163,1,996
process635,164,1,1002
process671,164,1,1003
process485,27,8,1006
process461,171,5,1026
process11,172,3,1029
process71,172,3,1032
process233,172,1,1038
process668,173,2,1040
process251,28,10,1045
process119,174,5,1050
process618,175,2,1057
process231,177,2,1059
process394,179,4,1063
process501,179,5,1068
process343,180,4,1072
process54,182,2,1089
process451,183,5,1119
process666,184,3,1122
process270,185,1,1128
process186,187,3,1131
process109,188,4,1140
process582,188,1,1141
process206,191,5,1156
process624,191,1,1157
process379,34,6,1158
process553,34,6,1179
process602,201,2,1206
process650,34,6,1207
process278,204,4,1211
process307,204,5,1216
process111,209,3,1239
process398,215,3,1252
process127,36,8,1255
process229,218,2,1257
process207,220,1,1278
process409,220,3,1281
process388,221,1,1282
process669,221,1,1283
process600,36,7,1285
process504,223,3,1288
process623,223,4,1292
process9,227,1,1298
process351,227,5,1303
process391,227,5,1308
process397,227,1,1309
process697,229,4,1323
process86,231,4,1327
process402,232,5,1352
process58,234,4,1366
process167,234,4,1370
process526,237,3,1388
process505,40,8,1391
process335,239,3,1399
process508,240,4,1408
process41,41,9,1417
process51,245,5,1427
process217,247,2,1434
process290,41,7,1446
process678,249,1,1457
process632,252,5,1467
process133,253,3,1470
process412,254,4,1479
process279,258,1,1490
process197,260,1,1501
process62,43,9,1510
process569,261,5,1515
process144,264,5,1520
process248,264,5,1525
process112,266,5,1555
process358,268,3,1568
process396,269,1,1569
process315,271,3,1592
process638,274,3,1610
process490,275,2,1617
process301,45,6,1618
process606,277,1,1634
process327,278,2,1636
process439,278,1,1637
process85,280,4,1651
process531,45,7,1658
process405,281,3,1661
process205,284,1,1682
process513,284,4,1686
process166,287,4,1695
process378,287,5,1700
process645,287,5,1705
process176,289,5,1730
process568,291,3,1743
process572,291,4,1747
process524,292,4,1761
process479,293,3,1764
process286,294,3,1767
process687,295,4,1781
process43,297,3,1794
process272,297,2,1796
process367,298,4,1800
process682,298,3,1803
process356,49,8,1806
process180,300,5,1816
process300,303,2,1833
process393,49,10,1843
process184,304,3,1846
process242,304,1,1847
process626,304,5,1852
process570,305,4,1861
process371,311,1,1877
process615,316,4,1891
process75,52,9,1895
process15,317,4,1899
process348,317,5,1904
process541,318,3,1922
process222,321,3,1940
process482,324,2,1947
process29,53,9,1951
process74,326,2,1953
process195,326,5,1958
process84,333,2,1985
process468,334,5,1990
process560,334,5,1995
process174,336,2,1997
process260,336,2,1999
process305,336,1,2000
process344,336,2,2007
process99,337,4,2011
process550,337,1,2012
process613,338,3,2025
process308,340,4,2039
process374,340,5,2044
process130,341,5,2049
process447,55,7,2056
process146,352,5,2076
process472,352,2,2078
process1,353,2,2090
process382,355,1,2101
process437,355,2,2103
process698,356,3,2121
process83,57,10,2126
process406,358,4,2135
process87,359,2,2142
process18,360,2,2149
process271,361,3,2152
process369,364,1,2163
process277,58,7,2165
process281,366,4,2174
process237,369,3,2182
process452,369,4,2186
process14,373,1,2212
process46,373,5,2217
process530,58,9,2221
process70,374,1,2222
process132,378,1,2243
process169,378,4,2247
process82,379,5,2257
process262,61,10,2267
process338,381,4,2271
process377,381,3,2274
process309,384,5,2299
process577,385,1,2300
process596,61,9,2304
process103,386,4,2308
process400,388,3,2326
process433,390,3,2334
process611,61,7,2336
process117,393,5,2346
process643,395,2,2368
process170,62,6,2369
process514,399,3,2397
process121,400,2,2399
process318,400,3,2402
process376,400,5,2407
process691,62,7,2414
process28,401,5,2419
process181,402,3,2432
process0,403,4,2436
process241,406,4,2460
process224,407,2,2462
process340,407,3,2465
process538,63,8,2468
process64,409,2,2475
process274,409,2,2477
process556,63,8,2495
process191,414,2,2502
process590,414,5,2507
process296,415,2,2509
process322,415,3,2512
process646,415,2,2519
process491,416,4,2523
process474,420,1,2529
process463,426,1,2540
process416,427,3,2548
process403,66,10,2553
process512,430,3,2556
process642,431,3,2574
process114,432,2,2576
process684,432,4,2585
process215,437,2,2602
process113,443,4,2621
process413,444,1,2627
process342,445,5,2632
process2,446,2,2634
process35,446,3,2637
process695,446,4,2641
process673,448,3,2659
process37,450,5,2664
process30,69,6,2665
process78,451,5,2670
process355,451,3,2673
process89,456,4,2702
process535,456,2,2704
process334,71,6,2720
process444,458,5,2725
process129,459,3,2733
process622,459,5,2743
process562,461,4,2757
process631,461,5,2762
process523,71,8,2770
process484,463,5,2780
process153,466,4,2789
process676,466,4,2798
process449,72,9,2807
process652,470,1,2813
process81,73,9,2832
process137,475,2,2849
process246,475,5,2854
process38,476,3,2857
process208,476,2,2864
process45,477,5,2874
process649,477,5,2889
process91,74,8,2892
process72,481,3,2910
process235,481,3,2913
process269,481,3,2916
process90,482,5,2921
process349,482,4,2925
process584,482,3,2928
process33,483,4,2932
process591,483,2,2934
process617,74,6,2935
process66,488,3,2958
process654,74,6,2964
process213,490,4,2973
process275,491,4,2982
process559,491,4,2996
process60,496,2,3023
process5,499,2,3035
process47,500,5,3040
process10,82,10,3045
process653,82,7,3047
process436,84,10,3052
process616,84,7,3054
process123,86,8,3057
process583,89,6,3058
process152,90,6,3059
process357,90,9,3063
process385,91,8,3066
process580,91,9,3070
process368,92,10,3075
process450,92,7,3077
process350,93,9,3081
process56,94,6,3082
process192,94,9,3086
process347,94,8,3089
process128,96,7,3091
process633,97,10,3096
process151,98,7,3098
process295,99,8,3101
process264,100,10,3106
process67,102,9,3110
process266,103,6,3111
process297,103,6,3112
process238,104,9,3116
process529,104,9,3120
process441,105,6,3121
process537,105,9,3125
process380,108,10,3130
process434,110,10,3135
process689,113,9,3139
process595,116,6,3140
process457,119,6,3141
process134,120,8,3144
process273,123,7,3146
process52,124,8,3149
process486,124,7,3151
process115,127,7,3153
process460,127,7,3155
process314,134,7,3157
process621,134,8,3160
process95,135,7,3162
process65,136,7,3164
process680,136,6,3165
process106,141,6,3166
process201,141,6,3167
process360,143,8,3170
process478,144,6,3171
process73,145,7,3173
process49,147,8,3176
process285,151,7,3178
process387,152,8,3181
process426,155,9,3185
process693,155,9,3189
process593,158,6,3190
process107,159,10,3195
process239,159,6,3196
process677,159,10,3201
process219,162,9,3205
process586,164,9,3209
process566,169,8,3212
process93,170,9,3216
process293,170,9,3220
process104,172,9,3224
process226,174,7,3226
process395,180,7,3228
process124,181,10,3233
process135,181,7,3235
process61,182,10,3240
process101,182,7,3242
process202,182,9,3246
process487,182,7,3248
process234,183,7,3250
process31,185,9,3254
process663,187,7,3256
process675,189,9,3260
process267,190,10,3265
process165,194,7,3267
process39,196,7,3269
process410,197,10,3274
process679,197,7,3276
process337,198,9,3280
process188,199,7,3282
process190,199,6,3283
process178,200,10,3288
process390,200,7,3290
process576,205,10,3295
process496,206,10,3300
process659,207,6,3301
process258,208,8,3304
process179,209,6,3305
process607,213,9,3309
process252,218,8,3312
process255,218,10,3317
process198,219,10,3322
process7,220,10,3327
process256,226,9,3331
process364,228,9,3335
process552,228,7,3337
process223,231,9,3341
process257,231,6,3342
process319,231,9,3346
process249,232,6,3347
process489,233,7,3349
process558,233,6,3350
process346,234,7,3352
process21,235,10,3357
process225,235,6,3358
process328,239,7,3360
process321,240,10,3365
process384,241,7,3367
process532,244,8,3370
process361,245,7,3372
process555,247,8,3375
process276,248,8,3378
process69,249,7,3380
process157,249,7,3382
process3,251,10,3387
process177,253,10,3392
process585,255,9,3396
process261,258,10,3401
process282,259,9,3405
process185,260,10,3410
process525,260,6,3411
process453,264,10,3416
process429,265,8,3419
process497,265,7,3421
process564,265,10,3426
process658,265,9,3430
process511,267,7,3432
process579,267,8,3435
process200,270,6,3436
process211,270,7,3438
process467,270,7,3440
process162,271,6,3441
process477,273,6,3442
process313,274,9,3446
process557,274,8,3449
process690,274,8,3452
process100,277,7,3454
process136,277,9,3458
process280,277,6,3459
process459,278,6,3460
process389,279,6,3461
process648,280,6,3462
process543,282,10,3467
process227,283,6,3468
process520,283,8,3471
process534,283,6,3472
process672,286,10,3477
process466,288,7,3479
process655,288,10,3484
process77,289,7,3486
process116,289,9,3490
process571,289,6,3491
process546,291,9,3495
process161,292,8,3498
process263,292,9,3502
process292,295,8,3505
process422,295,8,3508
process245,296,7,3510
process438,296,8,3513
process154,300,9,3517
process345,300,8,3520
process88,301,9,3524
process411,302,8,3527
process399,303,7,3529
process50,305,9,3533
process407,306,8,3536
process465,307,8,3539
process423,310,8,3542
process324,315,7,3544
process336,316,6,3545
process521,317,8,3548
process498,318,8,3551
process506,318,6,3552
process55,319,9,3556
process333,319,7,3558
process203,321,7,3560
process372,321,10,3565
process563,326,8,3568
process696,326,8,3571
process8,327,6,3572
process312,327,8,3575
process317,327,6,3576
process316,336,7,3578
process592,337,10,3583
process139,338,7,3585
process492,339,7,3587
process528,339,10,3592
process608,343,7,3594
process640,344,6,3595
process554,346,9,3599
process299,351,9,3603
process549,352,8,3606
process597,352,9,3610
process76,353,6,3611
process125,355,6,3612
process445,355,6,3613
process545,355,8,3616
process567,356,9,3620
process250,358,7,3622
process589,358,6,3623
process440,359,7,3625
process630,362,10,3630
process244,363,10,3635
process536,365,7,3637
process302,367,6,3638
process507,369,10,3643
process232,370,10,3648
process381,370,7,3650
process686,370,8,3653
process427,371,9,3657
process578,374,7,3659
process548,375,7,3661
process446,377,10,3666
process509,377,7,3668
process331,378,8,3671
process141,379,7,3673
process500,381,9,3677
process516,381,8,3680
process220,382,9,3684
process310,383,7,3686
process306,386,9,3690
process145,387,9,3694
process214,388,8,3697
process332,389,6,3698
process414,392,6,3699
process688,393,10,3704
process92,394,10,3709
process329,394,9,3713
process462,395,8,3716
process96,396,6,3717
process236,397,8,3720
process598,397,8,3723
process268,399,9,3727
process456,399,8,3730
process605,400,6,3731
process36,401,6,3732
process311,401,9,3736
process24,403,10,3741
process424,403,6,3742
process40,404,9,3746
process57,405,8,3749
process13,408,8,3752
process404,410,9,3756
process644,410,8,3759
process172,411,8,3762
process20,413,8,3765
process464,415,9,3769
process173,419,7,3771
process26,423,6,3772
process199,425,10,3777
process294,427,7,3779
process110,431,6,3780
process189,431,7,3782
process365,431,9,3786
process370,432,6,3787
process637,434,6,3788
process518,435,8,3791
process25,436,7,3793
process499,438,10,3798
process614,438,10,3803
process488,439,7,3805
process98,444,7,3807
process59,447,7,3809
process97,447,6,3810
process366,448,8,3813
process627,451,8,3816
process94,453,10,3821
process22,454,8,3824
process159,454,9,3828
process651,454,7,3830
process629,456,7,3832
process303,457,10,3837
process542,457,6,3838
process561,458,7,3840
process155,459,7,3842
process243,460,9,3846
process533,460,8,3849
process660,462,7,3851
process247,463,8,3854
process325,465,10,3859
process619,466,7,3861
process353,467,6,3862
process149,470,6,3863
process699,470,10,3868
process656,472,7,3870
process326,473,8,3873
process156,474,6,3874
process196,474,6,3875
process352,474,10,3880
process118,476,10,3885
process565,476,9,3889
process212,477,9,3893
process493,477,6,3894
process470,479,9,3898
process574,479,6,3899
process265,480,9,3903
process105,484,7,3905
process573,484,10,3910
process674,485,9,3914
process415,487,6,3915
process634,488,9,3919
process641,489,8,3922
process418,490,8,3925
process375,491,7,3927
process430,491,6,3928
process609,491,8,3931
process431,492,6,3932
process143,495,7,3934
process417,495,7,3936
process442,495,10,3941
process363,496,7,3943
process16,498,6,3944