name,arrive_time,execution_time,exit_time
process80,0,2,2
process42,1,2,9
process874,1,4,18
process745,3,1,29
process458,4,1,30
process636,6,5,50
process421,0,8,58
process768,10,2,75
process771,10,2,77
process813,10,1,78
process776,11,4,92
process765,1,6,98
process625,14,5,103
process44,17,2,125
process408,17,5,130
process448,19,1,141
process503,19,1,142
process694,19,1,143
process759,19,4,147
process53,21,1,153
process443,21,5,158
process683,21,2,160
process216,22,3,163
process610,22,1,164
process681,22,5,169
process147,3,8,177
process131,23,4,181
process454,26,3,199
process480,26,2,201
process210,27,5,206
process620,3,6,212
process120,28,3,215
process330,28,4,224
process647,28,1,225
process792,28,2,227
process717,30,4,236
process547,31,2,238
process670,31,2,240
process420,32,3,243
process164,5,8,261
process17,35,2,263
process187,35,3,266
process869,37,1,277
process510,38,4,286
process502,39,4,290
process527,39,4,294
process168,6,7,301
process140,42,4,320
process481,42,3,323
process603,43,4,332
process19,44,2,334
process183,44,1,335
process259,44,3,338
process455,6,9,342
process298,46,5,357
process471,47,5,362
process848,48,3,365
process628,49,5,380
process661,49,1,381
process777,49,3,384
process522,50,2,386
process743,52,4,395
process575,53,4,409
process160,54,4,418
process254,54,5,423
process742,6,8,426
process664,56,3,434
process68,57,5,439
process788,57,1,445
process193,58,1,446
process401,58,4,455
process6,60,2,462
process824,62,4,491
process194,8,8,494
process102,64,5,514
process495,64,1,515
process63,65,3,518
process747,65,5,523
process48,66,2,530
process476,66,3,538
process517,66,1,539
process138,67,3,547
process587,67,3,550
process599,67,3,553
process604,8,9,557
process182,71,2,574
process392,10,7,596
process865,73,1,602
process769,74,4,621
process657,75,5,626
process4,77,5,636
process612,79,2,643
process860,80,1,644
process34,81,5,649
process515,81,4,653
process802,81,4,662
process339,82,5,672
process494,11,7,679
process796,83,4,683
process793,85,1,694
process320,86,3,702
process519,11,9,706
process373,89,2,708
process284,90,2,725
process432,93,4,764
process435,94,3,782
process846,94,5,787
process142,95,3,790
process163,95,2,792
process12,96,2,794
process662,12,6,800
process872,98,2,817
process473,100,1,828
process204,101,5,833
process291,101,4,837
process209,102,5,847
process709,105,1,883
process287,106,1,884
process702,14,6,885
process108,15,7,902
process354,15,6,928
process122,118,2,930
process362,118,2,932
process419,118,3,935
process230,119,1,941
process851,119,1,947
process794,120,4,956
process809,120,1,957
process806,121,3,960
process685,122,4,964
process839,122,2,971
process898,15,9,975
process27,123,2,977
process601,127,3,1005
process341,128,5,1010
process425,128,1,1011
process864,128,2,1013
process171,129,1,1014
process692,129,5,1019
process862,131,1,1020
process304,132,5,1025
process893,132,1,1026
process359,133,5,1031
process240,134,4,1035
process428,17,8,1048
process386,135,2,1055
process289,136,3,1063
process483,136,5,1068
process544,137,2,1075
process32,138,3,1078
process880,138,1,1079
process889,138,5,1084
process469,139,3,1087
process283,18,8,1090
process150,141,4,1099
process540,141,5,1109
process667,141,5,1114
process218,142,1,1130
process126,143,5,1135
process158,144,5,1145
process228,148,4,1169
process23,20,8,1177
process79,152,1,1178
process221,152,4,1182
process323,152,5,1187
process551,152,3,1195
process588,152,2,1197
process729,152,4,1201
process539,154,4,1205
process826,154,5,1210
process665,155,5,1220
process175,157,3,1228
process475,159,4,1247
process639,159,3,1250
process148,161,3,1258
process253,161,2,1260
process594,162,4,1269
process383,163,1,1270
process841,163,2,1272
process858,163,3,1275
process635,164,1,1281
process671,164,1,1282
process758,166,5,1287
process461,171,5,1307
process11,172,3,1310
process71,172,3,1313
process233,172,1,1319
process668,173,2,1321
process837,22,6,1322
process119,174,5,1327
process775,174,3,1335
process821,174,2,1337
process618,175,2,1339
process827,176,5,1344
process231,177,2,1346
process774,178,2,1348
process394,179,4,1352
process501,179,5,1357
process343,180,4,1361
process54,182,2,1378
process451,183,5,1413
process666,184,3,1416
process270,185,1,1422
process581,23,7,1424
process186,187,3,1427
process109,188,4,1436
process582,188,1,1437
process288,24,6,1448
process206,191,5,1453
process624,191,1,1454
process801,192,5,1459
process875,24,8,1477
process716,197,4,1496
process714,198,5,1506
process602,201,2,1528
process834,201,2,1530
process885,201,3,1533
process749,202,5,1538
process278,204,4,1542
process307,204,5,1547
process816,207,3,1575
process111,209,3,1583
process485,27,8,1591
process398,215,3,1599
process229,218,2,1606
process738,218,1,1617
process748,218,4,1621
process251,28,10,1631
process207,220,1,1637
process409,220,3,1640
process388,221,1,1641
process669,221,1,1642
process504,223,3,1645
process623,223,4,1649
process718,226,5,1664
process9,227,1,1665
process351,227,5,1670
process391,227,5,1675
process397,227,1,1676
process697,229,4,1690
process86,231,4,1694
process835,28,6,1710
process402,232,5,1720
process823,232,1,1721
process58,234,4,1735
process167,234,4,1739
process526,237,3,1762
process335,239,3,1770
process886,239,1,1771
process508,240,4,1780
process744,240,2,1782
process752,244,4,1811
process51,245,5,1816
process217,247,2,1823
process379,34,6,1829
process678,249,1,1845
process632,252,5,1860
process740,252,1,1861
process553,34,6,1867
process133,253,3,1870
process412,254,4,1879
process798,257,1,1890
process650,34,6,1891
process279,258,1,1897
process750,259,2,1904
process197,260,1,1910
process569,261,5,1920
process854,262,4,1924
process754,263,1,1925
process144,264,5,1930
process248,264,5,1935
process757,265,5,1965
process112,266,5,1970
process843,267,4,1984
process358,268,3,1987
process396,269,1,1988
process779,270,3,2006
process127,36,8,2014
process315,271,3,2022
process870,273,1,2028
process638,274,3,2041
process490,275,2,2048
process600,36,7,2050
process606,277,1,2066
process327,278,2,2068
process439,278,1,2069
process85,280,4,2088
process405,281,3,2096
process896,37,8,2099
process205,284,1,2120
process513,284,4,2124
process763,286,3,2132
process166,287,4,2136
process378,287,5,2141
process645,287,5,2146
process176,289,5,2176
process568,291,3,2189
process572,291,4,2193
process783,291,1,2194
process524,292,4,2208
process479,293,3,2211
process286,294,3,2214
process687,295,4,2228
process43,297,3,2241
process272,297,2,2243
process367,298,4,2247
process682,298,3,2250
process710,39,10,2255
process180,300,5,2270
process300,303,2,2287
process184,304,3,2300
process242,304,1,2301
process626,304,5,2306
process570,305,4,2315
process762,305,4,2319
process505,40,8,2322
process41,41,9,2341
process371,311,1,2342
process892,313,3,2345
process290,41,7,2352
process615,316,4,2361
process15,317,4,2365
process348,317,5,2370
process541,318,3,2388
process222,321,3,2406
process897,323,1,2417
process482,324,2,2419
process74,326,2,2421
process195,326,5,2426
process62,43,9,2455
process84,333,2,2462
process739,333,4,2466
process468,334,5,2471
process560,334,5,2476
process836,334,3,2479
process174,336,2,2481
process260,336,2,2483
process305,336,1,2484
process344,336,2,2491
process99,337,4,2500
process550,337,1,2501
process731,337,1,2512
process613,338,3,2520
process308,340,4,2534
process374,340,5,2539
process130,341,5,2549
process899,341,1,2550
process301,45,6,2571
process832,349,3,2579
process531,45,7,2591
process146,352,5,2596
process472,352,2,2598
process1,353,2,2610
process382,355,1,2626
process437,355,2,2628
process698,356,3,2646
process406,358,4,2655
process87,359,2,2662
process18,360,2,2669
process271,361,3,2677
process369,364,1,2693
process281,366,4,2702
process237,369,3,2715
process452,369,4,2719
process356,49,8,2727
process14,373,1,2748
process46,373,5,2753
process807,373,3,2756
process70,374,1,2757
process393,49,10,2767
process741,375,1,2773
process132,378,1,2784
process169,378,4,2788
process724,378,4,2797
process797,378,4,2801
process82,379,5,2806
process733,380,2,2818
process338,381,4,2822
process377,381,3,2825
process309,384,5,2855
process577,385,1,2856
process103,386,4,2860
process400,388,3,2878
process433,390,3,2886
process789,390,1,2892
process75,52,9,2896
process799,392,2,2903
process117,393,5,2908
process643,395,2,2930
process712,398,2,2952
process514,399,3,2965
process812,52,8,2968
process121,400,2,2970
process318,400,3,2973
process376,400,5,2978
process28,401,5,2988
process181,402,3,3001
process0,403,4,3005
process700,403,3,3018
process29,53,9,3027
process241,406,4,3036
process224,407,2,3038
process340,407,3,3041
process64,409,2,3048
process274,409,2,3050
process849,53,10,3080
process191,414,2,3082
process590,414,5,3087
process296,415,2,3089
process322,415,3,3092
process646,415,2,3099
process735,415,1,3100
process491,416,4,3104
process474,420,1,3115
process808,421,5,3120
process857,422,3,3128
process815,423,5,3138
process463,426,1,3149
process416,427,3,3157
process727,428,2,3159
process755,429,5,3164
process512,430,3,3167
process447,55,7,3169
process642,431,3,3187
process114,432,2,3189
process684,432,4,3198
process817,436,5,3233
process215,437,2,3235
process113,443,4,3259
process83,57,10,3269
process413,444,1,3275
process342,445,5,3280
process2,446,2,3282
process35,446,3,3285
process695,446,4,3289
process844,447,4,3303
process673,448,3,3311
process814,449,1,3322
process37,450,5,3327
process277,58,7,3329
process78,451,5,3334
process355,451,3,3337
process704,451,5,3347
process715,454,2,3374
process89,456,4,3383
process535,456,2,3385
process855,456,1,3391
process444,458,5,3406
process129,459,3,3419
process622,459,5,3429
process530,58,9,3433
process562,461,4,3447
process631,461,5,3452
process484,463,5,3467
process791,465,1,3478
process153,466,4,3482
process676,466,4,3491
process800,466,3,3494
process262,61,10,3499
process652,470,1,3515
process868,471,5,3525
process596,61,9,3529
process721,473,1,3540
process137,475,2,3557
process246,475,5,3562
process38,476,3,3565
process208,476,2,3572
process611,61,7,3579
process45,477,5,3584
process649,477,5,3599
process72,481,3,3637
process235,481,3,3640
process269,481,3,3643
process170,62,6,3644
process90,482,5,3649
process349,482,4,3653
process584,482,3,3656
process33,483,4,3660
process591,483,2,3662
process786,484,1,3678
process891,484,1,3684
process691,62,7,3691
process66,488,3,3699
process213,490,4,3713
process275,491,4,3722
process559,491,4,3736
process805,495,3,3774
process60,496,2,3776
process538,63,8,3794
process5,499,2,3796
process47,500,5,3806
process556,63,8,3809
process728,63,9,3813
process845,65,6,3814
process403,66,10,3819
process722,66,10,3824
process708,68,6,3825
process751,68,10,3830
process30,69,6,3831
process334,71,6,3832
process523,71,8,3835
process449,72,9,3839
process726,72,10,3844
process81,73,9,3848
process91,74,8,3851
process617,74,6,3852
process654,74,6,3853
process756,75,6,3854
process890,77,8,3857
process723,81,8,3860
process10,82,10,3865
process653,82,7,3867
process436,84,10,3872
process616,84,7,3874
process123,86,8,3877
process583,89,6,3878
process859,89,6,3879
process152,90,6,3880
process357,90,9,3884
process385,91,8,3887
process580,91,9,3891
process784,91,9,3895
process368,92,10,3900
process450,92,7,3902
process350,93,9,3906
process56,94,6,3907
process192,94,9,3911
process347,94,8,3914
process128,96,7,3916
process633,97,10,3921
process151,98,7,3923
process840,98,7,3925
process295,99,8,3928
process264,100,10,3933
process67,102,9,3937
process847,102,7,3939
process266,103,6,3940
process297,103,6,3941
process238,104,9,3945
process529,104,9,3949
process441,105,6,3950
process537,105,9,3954
process380,108,10,3959
process434,110,10,3964
process770,111,9,3968
process689,113,9,3972
process730,115,6,3973
process734,115,9,3977
process780,115,8,3980
process595,116,6,3981
process781,118,7,3983
process457,119,6,3984
process134,120,8,3987
process790,122,9,3991
process273,123,7,3993
process52,124,8,3996
process486,124,7,3998
process115,127,7,4000
process460,127,7,4002
process314,134,7,4004
process621,134,8,4007
process95,135,7,4009
process65,136,7,4011
process680,136,6,4012
process106,141,6,4013
process201,141,6,4014
process701,141,9,4018
process810,141,8,4021
process852,141,10,4026
process360,143,8,4029
process478,144,6,4030
process73,145,7,4032
process811,145,8,4035
process49,147,8,4038
process285,151,7,4040
process387,152,8,4043
process426,155,9,4047
process693,155,9,4051
process593,158,6,4052
process107,159,10,4057
process239,159,6,4058
process677,159,10,4063
process219,162,9,4067
process586,164,9,4071
process566,169,8,4074
process93,170,9,4078
process293,170,9,4082
process104,172,9,4086
process226,174,7,4088
process395,180,7,4090
process124,181,10,4095
process135,181,7,4097
process61,182,10,4102
process101,182,7,4104
process202,182,9,4108
process487,182,7,4110
process853,182,9,4114
process234,183,7,4116
process31,185,9,4120
process663,187,7,4122
process675,189,9,4126
process267,190,10,4131
process829,193,8,4134
process165,194,7,4136
process766,195,7,4138
process39,196,7,4140
process410,197,10,4145
process679,197,7,4147
process337,198,9,4151
process188,199,7,4153
process190,199,6,4154
process178,200,10,4159
process390,200,7,4161
process576,205,10,4166
process822,205,9,4170
process888,205,6,4171
process496,206,10,4176
process659,207,6,4177
process258,208,8,4180
process179,209,6,4181
process607,213,9,4185
process850,216,9,4189
process252,218,8,4192
process255,218,10,4197
process198,219,10,4202
process7,220,10,4207
process873,223,9,4211
process256,226,9,4215
process364,228,9,4219
process552,228,7,4221
process223,231,9,4225
process257,231,6,4226
process319,231,9,4230
process249,232,6,4231
process489,233,7,4233
process558,233,6,4234
process346,234,7,4236
process804,234,9,4240
process21,235,10,4245
process225,235,6,4246
process328,239,7,4248
process321,240,10,4253
process760,240,8,4256
process887,240,9,4260
process384,241,7,4262
process764,242,7,4264
process532,244,8,4267
process361,245,7,4269
process555,247,8,4272
process276,248,8,4275
process69,249,7,4277
process157,249,7,4279
process711,250,6,4280
process3,251,10,4285
process863,252,6,4286
process177,253,10,4291
process871,254,10,4296
process585,255,9,4300
process261,258,10,4305
process282,259,9,4309
process185,260,10,4314
process525,260,6,4315
process453,264,10,4320
process429,265,8,4323
process497,265,7,4325
process564,265,10,4330
process658,265,9,4334
process511,267,7,4336
process579,267,8,4339
process200,270,6,4340
process211,270,7,4342
process467,270,7,4344
process795,270,8,4347
process162,271,6,4348
process477,273,6,4349
process313,274,9,4353
process557,274,8,4356
process690,274,8,4359
process100,277,7,4361
process136,277,9,4365
process280,277,6,4366
process459,278,6,4367
process894,278,8,4370
process389,279,6,4371
process648,280,6,4372
process543,282,10,4377
process227,283,6,4378
process520,283,8,4381
process534,283,6,4382
process672,286,10,4387
process867,287,10,4392
process466,288,7,4394
process655,288,10,4399
process77,289,7,4401
process116,289,9,4405
process571,289,6,4406
process546,291,9,4410
process161,292,8,4413
process263,292,9,4417
process292,295,8,4420
process422,295,8,4423
process245,296,7,4425
process438,296,8,4428
process833,299,8,4431
process154,300,9,4435
process345,300,8,4438
process88,301,9,4442
process411,302,8,4445
process399,303,7,4447
process703,303,8,4450
process50,305,9,4454
process407,306,8,4457
process465,307,8,4460
process423,310,8,4463
process324,315,7,4465
process336,316,6,4466
process521,317,8,4469
process498,318,8,4472
process506,318,6,4473
process55,319,9,4477
process333,319,7,4479
process203,321,7,4481
process372,321,10,4486
process881,323,7,4488
process563,326,8,4491
process696,326,8,4494
process8,327,6,4495
process312,327,8,4498
process317,327,6,4499
process737,330,8,4502
process316,336,7,4504
process819,336,10,4509
process592,337,10,4514
process707,337,8,4517
process139,338,7,4519
process492,339,7,4521
process528,339,10,4526
process713,340,8,4529
process608,343,7,4531
process640,344,6,4532
process720,345,7,4534
process554,346,9,4538
process879,348,6,4539
process299,351,9,4543
process831,351,6,4544
process549,352,8,4547
process597,352,9,4551
process76,353,6,4552
process782,353,7,4554
process125,355,6,4555
process445,355,6,4556
process545,355,8,4559
process567,356,9,4563
process250,358,7,4565
process589,358,6,4566
process440,359,7,4568
process883,360,9,4572
process773,361,9,4576
process630,362,10,4581
process244,363,10,4586
process536,365,7,4588
process302,367,6,4589
process719,368,8,4592
process507,369,10,4597
process232,370,10,4602
process381,370,7,4604
process686,370,8,4607
process427,371,9,4611
process578,374,7,4613
process548,375,7,4615
process446,377,10,4620
process509,377,7,4622
process331,378,8,4625
process141,379,7,4627
process856,379,9,4631
process500,381,9,4635
process516,381,8,4638
process220,382,9,4642
process866,382,8,4645
process310,383,7,4647
process306,386,9,4651
process145,387,9,4655
process214,388,8,4658
process332,389,6,4659
process787,390,10,4664
process414,392,6,4665
process688,393,10,4670
process92,394,10,4675
process329,394,9,4679
process462,395,8,4682
process772,395,8,4685
process96,396,6,4686
process236,397,8,4689
process598,397,8,4692
process268,399,9,4696
process456,399,8,4699
process605,400,6,4700
process36,401,6,4701
process311,401,9,4705
process24,403,10,4710
process424,403,6,4711
process40,404,9,4715
process57,405,8,4718
process13,408,8,4721
process404,410,9,4725
process644,410,8,4728
process172,411,8,4731
process785,411,8,4734
process20,413,8,4737
process464,415,9,4741
process877,416,6,4742
process173,419,7,4744
process830,421,9,4748
process26,423,6,4749
process884,423,9,4753
process199,425,10,4758
process294,427,7,4760
process110,431,6,4761
process189,431,7,4763
process365,431,9,4767
process370,432,6,4768
process767,432,6,4769
process825,432,7,4771
process820,433,7,4773
process637,434,6,4774
process518,435,8,4777
process25,436,7,4779
process499,438,10,4784
process614,438,10,4789
process488,439,7,4791
process895,442,10,4796
process705,443,6,4797
process98,444,7,4799
process59,447,7,4801
process97,447,6,4802
process366,448,8,4805
process761,448,9,4809
process746,449,6,4810
process627,451,8,4813
process876,452,6,4814
process94,453,10,4819
process22,454,8,4822
process159,454,9,4826
process651,454,7,4828
process706,455,6,4829
process629,456,7,4831
process303,457,10,4836
process542,457,6,4837
process561,458,7,4839
process818,458,7,4841
process155,459,7,4843
process243,460,9,4847
process533,460,8,4850
process660,462,7,4852
process247,463,8,4855
process882,463,7,4857
process325,465,10,4862
process619,466,7,4864
process353,467,6,4865
process861,469,6,4866
process149,470,6,4867
process699,470,10,4872
process656,472,7,4874
process326,473,8,4877
process156,474,6,4878
process196,474,6,4879
process352,474,10,4884
process118,476,10,4889
process565,476,9,4893
process212,477,9,4897
process493,477,6,4898
process470,479,9,4902
process574,479,6,4903
process778,479,7,4905
process838,479,6,4906
process842,479,6,4907
process265,480,9,4911
process725,480,6,4912
process736,483,10,4917
process105,484,7,4919
process573,484,10,4924
process878,484,8,4927
process674,485,9,4931
process415,487,6,4932
process634,488,9,4936
process641,489,8,4939
process418,490,8,4942
process375,491,7,4944
process430,491,6,4945
process609,491,8,4948
process431,492,6,4949
process732,492,9,4953
process828,494,9,4957
process143,495,7,4959
process417,495,7,4961
process442,495,10,4966
process363,496,7,4968
process16,498,6,4969
process803,498,6,4970
process753,499,10,4975