name,arrive_time,execution_time,exit_time
process80,0,2,2
process42,1,2,9
process458,4,1,15
process421,0,8,33
process147,3,8,56
process44,17,2,68
process408,17,5,73
process448,19,1,84
process503,19,1,85
process164,5,8,88
process53,21,1,94
process443,21,5,99
process216,22,3,102
process131,23,4,106
process168,6,7,118
process454,26,3,121
process480,26,2,123
process210,27,5,128
process120,28,3,136
process330,28,4,145
process455,6,9,149
process547,31,2,151
process420,32,3,154
process17,35,2,166
process187,35,3,169
process194,8,8,177
process510,38,4,181
process502,39,4,185
process527,39,4,189
process140,42,4,208
process481,42,3,211
process392,10,7,213
process19,44,2,220
process183,44,1,221
process259,44,3,224
process298,46,5,239
process471,47,5,244
process494,11,7,246
process522,50,2,258
process519,11,9,267
process575,53,4,276
process160,54,4,280
process254,54,5,285
process68,57,5,295
process193,58,1,301
process401,58,4,310
process6,60,2,317
process108,15,7,319
process102,64,5,349
process495,64,1,350
process63,65,3,353
process354,15,6,354
process48,66,2,356
process476,66,3,364
process517,66,1,365
process138,67,3,368
process587,67,3,371
process599,67,3,374
process182,71,2,381
process4,77,5,411
process428,17,8,414
process34,81,5,419
process515,81,4,423
process339,82,5,433
process283,18,8,436
process320,86,3,449
process373,89,2,451
process284,90,2,463
process23,20,8,491
process432,93,4,500
process435,94,3,518
process142,95,3,521
process163,95,2,523
process12,96,2,525
process473,100,1,546
process204,101,5,551
process291,101,4,555
process209,102,5,565
process287,106,1,596
process581,23,7,608
process288,24,6,609
process122,118,2,616
process362,118,2,618
process419,118,3,621
process230,119,1,622
process27,123,2,634
process341,128,5,664
process425,128,1,665
process171,129,1,666
process304,132,5,671
process485,27,8,674
process359,133,5,679
process240,134,4,683
process386,135,2,695
process289,136,3,703
process483,136,5,708
process544,137,2,710
process32,138,3,713
process469,139,3,716
process251,28,10,721
process150,141,4,730
process540,141,5,740
process218,142,1,741
process126,143,5,746
process158,144,5,756
process228,148,4,775
process79,152,1,781
process221,152,4,785
process323,152,5,790
process551,152,3,798
process588,152,2,800
process539,154,4,804
process175,157,3,812
process379,34,6,818
process475,159,4,832
process148,161,3,835
process253,161,2,837
process594,162,4,846
process383,163,1,847
process553,34,6,848
process461,171,5,873
process11,172,3,876
process71,172,3,879
process233,172,1,885
process127,36,8,888
process119,174,5,893
process231,177,2,900
process394,179,4,904
process501,179,5,909
process343,180,4,913
process54,182,2,930
process451,183,5,960
process270,185,1,966
process186,187,3,969
process109,188,4,973
process582,188,1,974
process206,191,5,984
process505,40,8,987
process41,41,9,1011
process290,41,7,1033
process278,204,4,1037
process307,204,5,1042
process111,209,3,1060
process398,215,3,1068
process62,43,9,1072
process229,218,2,1074
process207,220,1,1095
process409,220,3,1098
process388,221,1,1099
process504,223,3,1102
process9,227,1,1108
process351,227,5,1113
process391,227,5,1118
process397,227,1,1119
process301,45,6,1130
process86,231,4,1134
process402,232,5,1159
process531,45,7,1171
process58,234,4,1175
process167,234,4,1179
process526,237,3,1197
process335,239,3,1205
process508,240,4,1214
process51,245,5,1229
process217,247,2,1236
process356,49,8,1259
process133,253,3,1267
process412,254,4,1276
process393,49,10,1286
process279,258,1,1292
process197,260,1,1303
process569,261,5,1313
process75,52,9,1317
process144,264,5,1322
process248,264,5,1327
process112,266,5,1352
process358,268,3,1365
process396,269,1,1366
process315,271,3,1389
process29,53,9,1393
process490,275,2,1410
process327,278,2,1427
process439,278,1,1428
process85,280,4,1442
process405,281,3,1445
process205,284,1,1466
process513,284,4,1470
process166,287,4,1474
process378,287,5,1479
process176,289,5,1499
process447,55,7,1506
process568,291,3,1514
process572,291,4,1518
process524,292,4,1532
process479,293,3,1535
process286,294,3,1538
process43,297,3,1561
process272,297,2,1563
process367,298,4,1567
process83,57,10,1572
process180,300,5,1582
process300,303,2,1599
process184,304,3,1607
process242,304,1,1608
process570,305,4,1617
process277,58,7,1619
process371,311,1,1635
process530,58,9,1639
process15,317,4,1653
process348,317,5,1658
process541,318,3,1676
process222,321,3,1694
process262,61,10,1704
process482,324,2,1706
process74,326,2,1708
process195,326,5,1713
process596,61,9,1737
process84,333,2,1739
process170,62,6,1740
process468,334,5,1745
process560,334,5,1750
process174,336,2,1752
process260,336,2,1754
process305,336,1,1755
process344,336,2,1762
process99,337,4,1766
process550,337,1,1767
process538,63,8,1780
process308,340,4,1794
process374,340,5,1799
process130,341,5,1804
process556,63,8,1807
process146,352,5,1822
process472,352,2,1824
process1,353,2,1836
process382,355,1,1847
process437,355,2,1849
process406,358,4,1873
process87,359,2,1880
process18,360,2,1887
process403,66,10,1892
process271,361,3,1895
process369,364,1,1901
process281,366,4,1910
process237,369,3,1918
process452,369,4,1922
process14,373,1,1943
process46,373,5,1948
process70,374,1,1949
process132,378,1,1970
process169,378,4,1974
process30,69,6,1980
process82,379,5,1985
process338,381,4,1994
process377,381,3,1997
process309,384,5,2022
process577,385,1,2023
process334,71,6,2024
process103,386,4,2028
process400,388,3,2046
process433,390,3,2054
process523,71,8,2057
process117,393,5,2067
process449,72,9,2086
process514,399,3,2114
process121,400,2,2116
process318,400,3,2119
process376,400,5,2124
process81,73,9,2128
process28,401,5,2133
process181,402,3,2146
process0,403,4,2150
process91,74,8,2173
process241,406,4,2177
process224,407,2,2179
process340,407,3,2182
process64,409,2,2189
process274,409,2,2191
process191,414,2,2208
process590,414,5,2213
process296,415,2,2215
process322,415,3,2218
process491,416,4,2227
process474,420,1,2233
process463,426,1,2244
process416,427,3,2252
process10,82,10,2257
process512,430,3,2260
process114,432,2,2277
process215,437,2,2294
process436,84,10,2309
process113,443,4,2313
process413,444,1,2319
process342,445,5,2324
process123,86,8,2327
process2,446,2,2329
process35,446,3,2332
process37,450,5,2352
process78,451,5,2357
process355,451,3,2360
process583,89,6,2376
process89,456,4,2380
process535,456,2,2382
process444,458,5,2397
process129,459,3,2405
process152,90,6,2421
process562,461,4,2425
process484,463,5,2435
process153,466,4,2444
process357,90,9,2453
process385,91,8,2461
process137,475,2,2483
process246,475,5,2488
process38,476,3,2491
process208,476,2,2498
process45,477,5,2508
process580,91,9,2522
process72,481,3,2540
process235,481,3,2543
process269,481,3,2546
process90,482,5,2551
process349,482,4,2555
process584,482,3,2558
process368,92,10,2563
process33,483,4,2567
process591,483,2,2569
process450,92,7,2586
process66,488,3,2589
process213,490,4,2593
process275,491,4,2602
process559,491,4,2616
process350,93,9,2640
process60,496,2,2642
process5,499,2,2654
process47,500,5,2659
process56,94,6,2660
process192,94,9,2664
process347,94,8,2667
process128,96,7,2669
process151,98,7,2671
process295,99,8,2674
process264,100,10,2679
process67,102,9,2683
process266,103,6,2684
process297,103,6,2685
process238,104,9,2689
process529,104,9,2693
process441,105,6,2694
process537,105,9,2698
process380,108,10,2703
process434,110,10,2708
process595,116,6,2709
process457,119,6,2710
process134,120,8,2713
process273,123,7,2715
process52,124,8,2718
process486,124,7,2720
process115,127,7,2722
process460,127,7,2724
process314,134,7,2726
process95,135,7,2728
process65,136,7,2730
process106,141,6,2731
process201,141,6,2732
process360,143,8,2735
process478,144,6,2736
process73,145,7,2738
process49,147,8,2741
process285,151,7,2743
process387,152,8,2746
process426,155,9,2750
process593,158,6,2751
process107,159,10,2756
process239,159,6,2757
process219,162,9,2761
process586,164,9,2765
process566,169,8,2768
process93,170,9,2772
process293,170,9,2776
process104,172,9,2780
process226,174,7,2782
process395,180,7,2784
process124,181,10,2789
process135,181,7,2791
process61,182,10,2796
process101,182,7,2798
process202,182,9,2802
process487,182,7,2804
process234,183,7,2806
process31,185,9,2810
process267,190,10,2815
process165,194,7,2817
process39,196,7,2819
process410,197,10,2824
process337,198,9,2828
process188,199,7,2830
process190,199,6,2831
process178,200,10,2836
process390,200,7,2838
process576,205,10,2843
process496,206,10,2848
process258,208,8,2851
process179,209,6,2852
process252,218,8,2855
process255,218,10,2860
process198,219,10,2865
process7,220,10,2870
process256,226,9,2874
process364,228,9,2878
process552,228,7,2880
process223,231,9,2884
process257,231,6,2885
process319,231,9,2889
process249,232,6,2890
process489,233,7,2892
process558,233,6,2893
process346,234,7,2895
process21,235,10,2900
process225,235,6,2901
process328,239,7,2903
process321,240,10,2908
process384,241,7,2910
process532,244,8,2913
process361,245,7,2915
process555,247,8,2918
process276,248,8,2921
process69,249,7,2923
process157,249,7,2925
process3,251,10,2930
process177,253,10,2935
process585,255,9,2939
process261,258,10,2944
process282,259,9,2948
process185,260,10,2953
process525,260,6,2954
process453,264,10,2959
process429,265,8,2962
process497,265,7,2964
process564,265,10,2969
process511,267,7,2971
process579,267,8,2974
process200,270,6,2975
process211,270,7,2977
process467,270,7,2979
process162,271,6,2980
process477,273,6,2981
process313,274,9,2985
process557,274,8,2988
process100,277,7,2990
process136,277,9,2994
process280,277,6,2995
process459,278,6,2996
process389,279,6,2997
process543,282,10,3002
process227,283,6,3003
process520,283,8,3006
process534,283,6,3007
process466,288,7,3009
process77,289,7,3011
process116,289,9,3015
process571,289,6,3016
process546,291,9,3020
process161,292,8,3023
process263,292,9,3027
process292,295,8,3030
process422,295,8,3033
process245,296,7,3035
process438,296,8,3038
process154,300,9,3042
process345,300,8,3045
process88,301,9,3049
process411,302,8,3052
process399,303,7,3054
process50,305,9,3058
process407,306,8,3061
process465,307,8,3064
process423,310,8,3067
process324,315,7,3069
process336,316,6,3070
process521,317,8,3073
process498,318,8,3076
process506,318,6,3077
process55,319,9,3081
process333,319,7,3083
process203,321,7,3085
process372,321,10,3090
process563,326,8,3093
process8,327,6,3094
process312,327,8,3097
process317,327,6,3098
process316,336,7,3100
process592,337,10,3105
process139,338,7,3107
process492,339,7,3109
process528,339,10,3114
process554,346,9,3118
process299,351,9,3122
process549,352,8,3125
process597,352,9,3129
process76,353,6,3130
process125,355,6,3131
process445,355,6,3132
process545,355,8,3135
process567,356,9,3139
process250,358,7,3141
process589,358,6,3142
process440,359,7,3144
process244,363,10,3149
process536,365,7,3151
process302,367,6,3152
process507,369,10,3157
process232,370,10,3162
process381,370,7,3164
process427,371,9,3168
process578,374,7,3170
process548,375,7,3172
process446,377,10,3177
process509,377,7,3179
process331,378,8,3182
process141,379,7,3184
process500,381,9,3188
process516,381,8,3191
process220,382,9,3195
process310,383,7,3197
process306,386,9,3201
process145,387,9,3205
process214,388,8,3208
process332,389,6,3209
process414,392,6,3210
process92,394,10,3215
process329,394,9,3219
process462,395,8,3222
process96,396,6,3223
process236,397,8,3226
process598,397,8,3229
process268,399,9,3233
process456,399,8,3236
process36,401,6,3237
process311,401,9,3241
process24,403,10,3246
process424,403,6,3247
process40,404,9,3251
process57,405,8,3254
process13,408,8,3257
process404,410,9,3261
process172,411,8,3264
process20,413,8,3267
process464,415,9,3271
process173,419,7,3273
process26,423,6,3274
process199,425,10,3279
process294,427,7,3281
process110,431,6,3282
process189,431,7,3284
process365,431,9,3288
process370,432,6,3289
process518,435,8,3292
process25,436,7,3294
process499,438,10,3299
process488,439,7,3301
process98,444,7,3303
process59,447,7,3305
process97,447,6,3306
process366,448,8,3309
process94,453,10,3314
process22,454,8,3317
process159,454,9,3321
process303,457,10,3326
process542,457,6,3327
process561,458,7,3329
process155,459,7,3331
process243,460,9,3335
process533,460,8,3338
process247,463,8,3341
process325,465,10,3346
process353,467,6,3347
process149,470,6,3348
process326,473,8,3351
process156,474,6,3352
process196,474,6,3353
process352,474,10,3358
process118,476,10,3363
process565,476,9,3367
process212,477,9,3371
process493,477,6,3372
process470,479,9,3376
process574,479,6,3377
process265,480,9,3381
process105,484,7,3383
process573,484,10,3388
process415,487,6,3389
process418,490,8,3392
process375,491,7,3394
process430,491,6,3395
process431,492,6,3396
process143,495,7,3398
process417,495,7,3400
process442,495,10,3405
process363,496,7,3407
process16,498,6,3408