name,arrive_time,execution_time,exit_time
process80,0,2,2
process42,1,2,4
process147,3,8,27
process164,5,8,30
process44,17,2,37
process168,6,7,39
process53,21,1,45
process131,23,4,49
process194,8,8,52
process120,28,3,55
process108,15,7,57
process17,35,2,59
process187,35,3,62
process140,42,4,76
process23,20,8,84
process19,44,2,86
process183,44,1,87
process160,54,4,101
process68,57,5,106
process193,58,1,112
process6,60,2,114
process102,64,5,124
process63,65,3,127
process48,66,2,129
process127,36,8,132
process138,67,3,135
process182,71,2,142
process41,41,9,146
process4,77,5,161
process62,43,9,165
process34,81,5,170
process75,52,9,189
process142,95,3,202
process163,95,2,204
process12,96,2,206
process29,53,9,215
process83,57,10,230
process122,118,2,232
process170,62,6,233
process27,123,2,240
process171,129,1,251
process32,138,3,264
process30,69,6,265
process150,141,4,274
process126,143,5,279
process158,144,5,284
process81,73,9,298
process79,152,1,299
process91,74,8,302
process175,157,3,305
process148,161,3,313
process11,172,3,321
process71,172,3,324
process119,174,5,334
process10,82,10,339
process123,86,8,342
process54,182,2,354
process152,90,6,365
process186,187,3,373
process109,188,4,377
process56,94,6,378
process192,94,9,392
process111,209,3,410
process128,96,7,417
process151,98,7,424
process67,102,9,433
process9,227,1,434
process86,231,4,438
process58,234,4,442
process167,234,4,446
process134,120,8,454
process52,124,8,457
process51,245,5,462
process115,127,7,474
process133,253,3,482
process95,135,7,489
process197,260,1,495
process65,136,7,497
process144,264,5,502
process112,266,5,507
process106,141,6,508
process85,280,4,527
process166,287,4,531
process73,145,7,533
process176,289,5,548
process49,147,8,556
process43,297,3,559
process180,300,5,569
process184,304,3,577
process107,159,10,587
process15,317,4,591
process93,170,9,595
process74,326,2,602
process195,326,5,607
process104,172,9,616
process84,333,2,618
process174,336,2,620
process99,337,4,624
process130,341,5,634
process124,181,10,639
process135,181,7,641
process146,352,5,646
process1,353,2,648
process61,182,10,663
process87,359,2,665
process18,360,2,667
process101,182,7,669
process31,185,9,673
process14,373,1,674
process46,373,5,679
process70,374,1,680
process132,378,1,681
process169,378,4,685
process82,379,5,690
process165,194,7,697
process103,386,4,701
process39,196,7,708
process117,393,5,713
process188,199,7,725
process121,400,2,727
process28,401,5,732
process190,199,6,738
process181,402,3,741
process0,403,4,745
process178,200,10,765
process64,409,2,772
process191,414,2,784
process179,209,6,785
process198,219,10,795
process7,220,10,810
process114,432,2,822
process113,443,4,831
process2,446,2,838
process35,446,3,841
process37,450,5,856
process21,235,10,861
process78,451,5,866
process89,456,4,885
process129,459,3,888
process153,466,4,897
process69,249,7,899
process157,249,7,906
process137,475,2,918
process38,476,3,921
process45,477,5,931
process3,251,10,936
process72,481,3,939
process90,482,5,944
process33,483,4,948
process177,253,10,958
process66,488,3,961
process185,260,10,966
process60,496,2,973
process5,499,2,980
process47,500,5,985
process162,271,6,986
process100,277,7,988
process136,277,9,992
process77,289,7,994
process116,289,9,998
process161,292,8,1001
process154,300,9,1005
process88,301,9,1009
process50,305,9,1013
process55,319,9,1017
process8,327,6,1018
process139,338,7,1020
process76,353,6,1021
process125,355,6,1022
process141,379,7,1024
process145,387,9,1028
process92,394,10,1033
process96,396,6,1034
process36,401,6,1035
process24,403,10,1040
process40,404,9,1044
process57,405,8,1047
process13,408,8,1050
process172,411,8,1053
process20,413,8,1056
process173,419,7,1058
process26,423,6,1059
process199,425,10,1064
process110,431,6,1065
process189,431,7,1067
process25,436,7,1069
process98,444,7,1071
process59,447,7,1073
process97,447,6,1074
process94,453,10,1079
process22,454,8,1082
process159,454,9,1086
process155,459,7,1088
process149,470,6,1089
process156,474,6,1090
process196,474,6,1091
process118,476,10,1096
process105,484,7,1098
process143,495,7,1100
process16,498,6,1101