name,arrive_time,execution_time,exit_time
process80,0,2,2
process42,1,2,4
process147,3,8,27
process164,5,8,35
process44,17,2,47
process168,6,7,54
process53,21,1,60
process216,22,3,63
process131,23,4,67
process194,8,8,70
process210,27,5,80
process120,28,3,83
process330,28,4,92
process392,10,7,94
process17,35,2,101
process187,35,3,104
process108,15,7,111
process140,42,4,125
process19,44,2,132
process183,44,1,133
process259,44,3,136
process354,15,6,137
process298,46,5,147
process283,18,8,160
process160,54,4,174
process254,54,5,179
process68,57,5,184
process193,58,1,190
process23,20,8,198
process6,60,2,200
process102,64,5,215
process63,65,3,218
process48,66,2,220
process138,67,3,223
process182,71,2,230
process288,24,6,246
process4,77,5,251
process34,81,5,256
process339,82,5,266
process320,86,3,274
process251,28,10,279
process373,89,2,281
process284,90,2,288
process142,95,3,326
process163,95,2,328
process12,96,2,330
process379,34,6,341
process204,101,5,356
process291,101,4,360
process209,102,5,370
process287,106,1,386
process127,36,8,394
process41,41,9,398
process122,118,2,400
process362,118,2,402
process230,119,1,403
process290,41,7,410
process27,123,2,412
process341,128,5,432
process171,129,1,433
process62,43,9,437
process304,132,5,442
process359,133,5,447
process240,134,4,451
process386,135,2,463
process289,136,3,471
process32,138,3,474
process150,141,4,483
process301,45,6,489
process218,142,1,490
process126,143,5,495
process158,144,5,505
process228,148,4,519
process356,49,8,527
process79,152,1,528
process221,152,4,532
process323,152,5,537
process393,49,10,547
process175,157,3,550
process148,161,3,563
process253,161,2,565
process383,163,1,571
process75,52,9,575
process29,53,9,579
process11,172,3,592
process71,172,3,595
process233,172,1,601
process119,174,5,606
process231,177,2,613
process394,179,4,617
process343,180,4,621
process54,182,2,638
process270,185,1,664
process186,187,3,667
process109,188,4,671
process83,57,10,676
process206,191,5,686
process277,58,7,693
process278,204,4,727
process307,204,5,732
process262,61,10,737
process111,209,3,745
process170,62,6,751
process398,215,3,754
process229,218,2,756
process207,220,1,777
process388,221,1,778
process9,227,1,784
process351,227,5,789
process391,227,5,794
process397,227,1,795
process30,69,6,796
process86,231,4,805
process58,234,4,829
process167,234,4,833
process334,71,6,839
process335,239,3,857
process81,73,9,861
process91,74,8,874
process51,245,5,879
process217,247,2,886
process133,253,3,909
process279,258,1,920
process197,260,1,931
process10,82,10,936
process144,264,5,941
process248,264,5,946
process112,266,5,951
process358,268,3,954
process396,269,1,955
process123,86,8,968
process315,271,3,976
process327,278,2,998
process85,280,4,1007
process205,284,1,1013
process152,90,6,1014
process166,287,4,1018
process378,287,5,1023
process176,289,5,1038
process357,90,9,1052
process286,294,3,1055
process43,297,3,1068
process272,297,2,1070
process385,91,8,1073
process367,298,4,1077
process180,300,5,1087
process368,92,10,1102
process300,303,2,1104
process184,304,3,1112
process242,304,1,1113
process350,93,9,1122
process371,311,1,1123
process56,94,6,1124
process15,317,4,1138
process348,317,5,1143
process192,94,9,1147
process222,321,3,1165
process347,94,8,1173
process74,326,2,1175
process195,326,5,1180
process84,333,2,1197
process128,96,7,1199
process174,336,2,1201
process260,336,2,1203
process305,336,1,1204
process344,336,2,1211
process99,337,4,1215
process151,98,7,1222
process308,340,4,1226
process374,340,5,1231
process130,341,5,1236
process295,99,8,1239
process264,100,10,1244
process146,352,5,1254
process1,353,2,1256
process382,355,1,1267
process87,359,2,1274
process18,360,2,1276
process271,361,3,1279
process369,364,1,1285
process67,102,9,1289
process281,366,4,1293
process237,369,3,1301
process14,373,1,1312
process46,373,5,1317
process70,374,1,1318
process266,103,6,1319
process132,378,1,1320
process169,378,4,1324
process82,379,5,1334
process297,103,6,1340
process338,381,4,1344
process377,381,3,1347
process309,384,5,1362
process238,104,9,1366
process103,386,4,1370
process380,108,10,1395
process117,393,5,1400
process121,400,2,1427
process318,400,3,1430
process376,400,5,1435
process28,401,5,1440
process181,402,3,1453
process0,403,4,1457
process241,406,4,1476
process224,407,2,1478
process340,407,3,1481
process134,120,8,1484
process64,409,2,1491
process274,409,2,1493
process191,414,2,1505
process296,415,2,1507
process322,415,3,1510
process273,123,7,1512
process52,124,8,1520
process115,127,7,1532
process114,432,2,1554
process215,437,2,1566
process113,443,4,1570
process342,445,5,1580
process2,446,2,1582
process35,446,3,1585
process37,450,5,1605
process78,451,5,1610
process355,451,3,1613
process314,134,7,1630
process89,456,4,1634
process129,459,3,1642
process95,135,7,1654
process153,466,4,1668
process65,136,7,1675
process137,475,2,1702
process246,475,5,1707
process38,476,3,1710
process208,476,2,1717
process45,477,5,1722
process106,141,6,1728
process72,481,3,1736
process235,481,3,1739
process269,481,3,1742
process90,482,5,1747
process349,482,4,1751
process33,483,4,1755
process201,141,6,1761
process66,488,3,1764
process213,490,4,1768
process275,491,4,1772
process60,496,2,1784
process5,499,2,1796
process360,143,8,1799
process47,500,5,1804
process73,145,7,1806
process49,147,8,1809
process285,151,7,1811
process387,152,8,1814
process107,159,10,1819
process239,159,6,1820
process219,162,9,1824
process93,170,9,1828
process293,170,9,1832
process104,172,9,1836
process226,174,7,1838
process395,180,7,1840
process124,181,10,1845
process135,181,7,1847
process61,182,10,1852
process101,182,7,1854
process202,182,9,1858
process234,183,7,1860
process31,185,9,1864
process267,190,10,1869
process165,194,7,1871
process39,196,7,1873
process337,198,9,1877
process188,199,7,1879
process190,199,6,1880
process178,200,10,1885
process390,200,7,1887
process258,208,8,1890
process179,209,6,1891
process252,218,8,1894
process255,218,10,1899
process198,219,10,1904
process7,220,10,1909
process256,226,9,1913
process364,228,9,1917
process223,231,9,1921
process257,231,6,1922
process319,231,9,1926
process249,232,6,1927
process346,234,7,1929
process21,235,10,1934
process225,235,6,1935
process328,239,7,1937
process321,240,10,1942
process384,241,7,1944
process361,245,7,1946
process276,248,8,1949
process69,249,7,1951
process157,249,7,1953
process3,251,10,1958
process177,253,10,1963
process261,258,10,1968
process282,259,9,1972
process185,260,10,1977
process200,270,6,1978
process211,270,7,1980
process162,271,6,1981
process313,274,9,1985
process100,277,7,1987
process136,277,9,1991
process280,277,6,1992
process389,279,6,1993
process227,283,6,1994
process77,289,7,1996
process116,289,9,2000
process161,292,8,2003
process263,292,9,2007
process292,295,8,2010
process245,296,7,2012
process154,300,9,2016
process345,300,8,2019
process88,301,9,2023
process399,303,7,2025
process50,305,9,2029
process324,315,7,2031
process336,316,6,2032
process55,319,9,2036
process333,319,7,2038
process203,321,7,2040
process372,321,10,2045
process8,327,6,2046
process312,327,8,2049
process317,327,6,2050
process316,336,7,2052
process139,338,7,2054
process299,351,9,2058
process76,353,6,2059
process125,355,6,2060
process250,358,7,2062
process244,363,10,2067
process302,367,6,2068
process232,370,10,2073
process381,370,7,2075
process331,378,8,2078
process141,379,7,2080
process220,382,9,2084
process310,383,7,2086
process306,386,9,2090
process145,387,9,2094
process214,388,8,2097
process332,389,6,2098
process92,394,10,2103
process329,394,9,2107
process96,396,6,2108
process236,397,8,2111
process268,399,9,2115
process36,401,6,2116
process311,401,9,2120
process24,403,10,2125
process40,404,9,2129
process57,405,8,2132
process13,408,8,2135
process172,411,8,2138
process20,413,8,2141
process173,419,7,2143
process26,423,6,2144
process199,425,10,2149
process294,427,7,2151
process110,431,6,2152
process189,431,7,2154
process365,431,9,2158
process370,432,6,2159
process25,436,7,2161
process98,444,7,2163
process59,447,7,2165
process97,447,6,2166
process366,448,8,2169
process94,453,10,2174
process22,454,8,2177
process159,454,9,2181
process303,457,10,2186
process155,459,7,2188
process243,460,9,2192
process247,463,8,2195
process325,465,10,2200
process353,467,6,2201
process149,470,6,2202
process326,473,8,2205
process156,474,6,2206
process196,474,6,2207
process352,474,10,2212
process118,476,10,2217
process212,477,9,2221
process265,480,9,2225
process105,484,7,2227
process375,491,7,2229
process143,495,7,2231
process363,496,7,2233
process16,498,6,2234